2021  7  3 13  5 21   50.63    4.30     94.0 
2021  7  3 13 31 44   50.87    4.52    -70.0 
2021  7  3 13 38 55   50.60    4.03     89.0 
2021  7  3 13 42 44   50.61    4.08    -35.0 
2021  7  3 13 43 35   50.84    4.50     97.0 
2021  7  3 13 47 11   50.84    4.52     97.0 
2021  7  3 13 51 58   50.84    4.51    -13.0 
2021  7  3 13 52 37   50.66    4.15    -66.0 
2021  7  3 13 53 15   50.67    4.15     15.0 
2021  7  3 13 53 55   50.67    4.17    -24.0 
2021  7  3 13 54  7   50.68    4.15    -11.0 
2021  7  3 13 54  7   50.70    4.13     -7.0 
2021  7  3 13 54 18   50.67    4.16    -27.0 
2021  7  3 13 55 23   50.65    4.14     31.0 
2021  7  3 13 58 48   50.61    4.11     45.0 
2021  7  3 13 59 40   50.70    4.17      9.0 
2021  7  3 14 13  4   50.74    4.29     47.0 
2021  7  3 14 14 35   50.73    4.28     -6.0 
2021  7  3 14 15 59   50.74    4.30     15.0 
2021  7  3 14 16  4   50.74    4.31    -10.0 
2021  7  3 14 16 35   50.74    4.29    -42.0 
2021  7  3 14 16 40   50.76    4.32     -9.0 
2021  7  3 14 16 47   50.75    4.31     -6.0 
2021  7  3 14 16 56   50.75    4.32    -10.0 
2021  7  3 14 16 56   50.74    4.31    -18.0 
2021  7  3 14 16 56   50.73    4.27      8.0 
2021  7  3 14 17 15   50.75    4.31     -9.0 
2021  7  3 14 17 21   50.75    4.29     12.0 
2021  7  3 14 24  6   50.75    4.35     10.0 
2021  7  3 14 26 21   50.78    4.37     -8.0 
2021  7  3 14 26 21   50.77    4.36     -8.0 
2021  7  3 14 26 26   50.80    4.38     -6.0 
2021  7  3 14 26 33   50.77    4.35     11.0 
2021  7  3 14 26 46   50.79    4.37    -22.0 
2021  7  3 14 27 26   55.96   12.97    -71.0 
2021  7  3 14 27 26   55.99   12.99    -19.0 
2021  7  3 14 28  1   50.79    4.34    -17.0 
2021  7  3 14 29 49   55.96   13.00    -77.0 
2021  7  3 14 30 52   50.77    4.37     56.0 
2021  7  3 14 30 52   50.82    4.40    -33.0 
2021  7  3 14 31 50   50.76    4.33    -13.0 
2021  7  3 14 32 19   50.80    4.34     12.0 
2021  7  3 14 33 43   55.99   13.01     60.0 
2021  7  3 14 33 43   56.00   12.95    -30.0 
2021  7  3 14 36  7   50.60    4.27     61.0 
2021  7  3 14 36  7   50.61    4.27    -20.0 
2021  7  3 14 36  7   50.58    4.29    -12.0 
2021  7  3 14 37 17   55.98   13.00    -57.0 
2021  7  3 14 41 54   50.84    4.50    121.0 
2021  7  3 14 52 35   50.61    4.67     19.0 
2021  7  3 14 52 35   50.61    4.66     28.0 
2021  7  3 14 52 35   50.61    4.66    -12.0 
2021  7  3 14 54 57   50.62    4.68     -9.0 
2021  7  3 14 57 18   50.60    4.68     -6.0 
2021  7  3 14 57 18   50.59    4.64     64.0 
2021  7  3 14 58  6   50.58    4.62     -9.0 
2021  7  3 15 16 54   51.71    4.37    -61.0 
2021  7  3 15 33 44   51.70    4.56     15.0 
2021  7  3 15 33 44   51.70    4.54     64.0 
2021  7  3 15 45 37   51.75    4.65     52.0 
2021  7  3 15 53 29   51.75    4.66     83.0 
2021  7  3 15 56 39   50.34    4.57    -34.0 
2021  7  3 15 56 39   50.34    4.57    -15.0 
2021  7  3 15 56 39   50.34    4.56    -18.0 
2021  7  3 15 56 39   50.34    4.57    -13.0 
2021  7  3 15 58  1   51.75    4.67     -2.0 
2021  7  3 16 16  7   50.23    4.55     36.0 
2021  7  3 16 16  7   50.23    4.59     78.0 
2021  7  3 16 17 46   51.25    4.99     56.0 
2021  7  3 16 17 46   51.26    5.01     -6.0 
2021  7  3 16 29 15   55.79   13.93    -44.0 
2021  7  3 16 36 31   50.48    4.72    -12.0 
2021  7  3 16 52 24   51.70    4.78    -37.0 
2021  7  3 16 52 26   50.62    4.79    -13.0 
2021  7  3 16 52 26   50.61    4.80    -47.0 
2021  7  3 16 52 26   50.62    4.80    -44.0 
2021  7  3 16 53 38   50.65    4.84    -14.0 
2021  7  3 16 55 26   51.41    4.40     48.0 
2021  7  3 17  0 14   50.64    4.80    -19.0 
2021  7  3 17  0 14   50.63    4.81    -22.0 
2021  7  3 17  4  0   50.64    4.81    -67.0 
2021  7  3 17  4  0   50.64    4.80    -36.0 
2021  7  3 17  4 17   51.39    4.43     78.0 
2021  7  3 17  5 57   50.65    4.81    -32.0 
2021  7  3 17  5 57   50.64    4.80    -26.0 
2021  7  3 17  5 57   50.62    4.85    -10.0 
2021  7  3 17  6 55   50.66    4.81    -13.0 
2021  7  3 17  6 55   50.65    4.81    -11.0 
2021  7  3 17  6 55   50.66    4.81    -15.0 
2021  7  3 17  6 55   50.67    4.85    -11.0 
2021  7  3 17  8  7   50.66    4.81    -34.0 
2021  7  3 17  8  7   50.66    4.81    -20.0 
2021  7  3 17  8  7   50.66    4.79    -13.0 
2021  7  3 17  9 43   50.66    4.82    -24.0 
2021  7  3 17  9 43   50.66    4.82    -22.0 
2021  7  3 17  9 43   50.68    4.82    -30.0 
2021  7  3 17  9 43   50.66    4.83    -12.0 
2021  7  3 17 10 21   51.95    5.06    -31.0 
2021  7  3 17 10 48   50.67    4.82    -12.0 
2021  7  3 17 10 48   50.67    4.82     -7.0 
2021  7  3 17 13 15   50.64    4.79     15.0 
2021  7  3 17 36 57   52.02    5.17     55.0 
2021  7  3 17 45 56   55.77   13.64    -37.0 
2021  7  3 17 52 29   51.07    5.75    -78.0 
2021  7  3 17 52 30   51.07    5.75    -13.0 
2021  7  3 17 53 59   55.93   13.67    -21.0 
2021  7  3 17 54 15   55.77   13.73    -39.0 
2021  7  3 17 54 32   51.05    5.72    -52.0 
2021  7  3 17 54 44   55.78   13.58    -32.0 
2021  7  3 17 56 16   55.94   13.63     18.0 
2021  7  3 17 56 16   55.94   13.61    -18.0 
2021  7  3 17 56 25   55.78   13.75    -77.0 
2021  7  3 17 56 25   55.76   13.71    -55.0 
2021  7  3 17 56 25   55.78   13.68    -35.0 
2021  7  3 17 57  5   55.78   13.70    -19.0 
2021  7  3 17 57  5   55.79   13.70      4.0 
2021  7  3 17 58 22   55.76   13.71     76.0 
2021  7  3 17 58 22   55.79   13.64     76.0 
2021  7  3 17 58 22   55.79   13.71     -4.0 
2021  7  3 17 58 51   55.94   13.59     84.0 
2021  7  3 17 59 30   55.76   13.70    -15.0 
2021  7  3 17 59 30   55.76   13.76    -16.0 
2021  7  3 18  0  7   55.77   13.69     -5.0 
2021  7  3 18  0  7   55.77   13.75      9.0 
2021  7  3 18  0 18   51.08    5.77     42.0 
2021  7  3 18  0 46   55.78   13.74    -26.0 
2021  7  3 18  2  9   55.75   13.75    -25.0 
2021  7  3 18  2  9   55.75   13.83     15.0 
2021  7  3 18  4 13   55.74   13.75    -51.0 
2021  7  3 18  4 13   55.78   13.70    -32.0 
2021  7  3 18  4 13   55.75   13.76    -20.0 
2021  7  3 18  4 13   55.78   13.73    -11.0 
2021  7  3 18  6  0   55.70   13.71    -27.0 
2021  7  3 18  6 20   55.70   13.69     20.0 
2021  7  3 18  6 20   55.74   13.71    -14.0 
2021  7  3 18  7 15   55.73   13.76    -31.0 
2021  7  3 18  7 15   55.79   13.75    -26.0 
2021  7  3 18  7 15   55.78   13.71    -16.0 
2021  7  3 18  8 41   55.76   13.77     17.0 
2021  7  3 18  9 23   55.75   13.75    -18.0 
2021  7  3 18 11 52   55.75   13.75    -20.0 
2021  7  3 18 14 23   51.01    5.87     59.0 
2021  7  3 18 33  3   51.15    5.90    -27.0 
2021  7  3 18 52 30   50.50    4.03    -14.0 
2021  7  3 18 56  9   50.49    4.04    -20.0 
2021  7  3 18 56 30   50.50    4.10     26.0 
2021  7  3 18 57 47   50.51    4.08    -15.0 
2021  7  3 19  0 23   50.50    4.15    -21.0 
2021  7  3 19 21 43   50.57    4.16     22.0 
2021  7  3 19 34  3   50.67    4.07    -33.0 
2021  7  3 19 45 12   50.74    4.25    -30.0 
2021  7  3 19 50 30   47.46    4.28    -26.0 
2021  7  3 19 52 56   47.45    4.29    -51.0 
2021  7  3 19 52 56   47.47    4.29    -16.0 
2021  7  3 20 10 13   47.50    4.42     47.0 
2021  7  3 20 22 25   46.84   12.85    -15.0 
2021  7  3 20 28 26   50.81    4.46    -28.0 
2021  7  3 20 28 26   50.83    4.49     -8.0 
2021  7  3 20 34 13   47.49    4.53     25.0 
2021  7  3 20 36  1   47.49    4.54    -13.0 
2021  7  3 20 44 33   50.81    4.54    -21.0 
