2021  7 21 16 58 11   46.29   10.84     53.0 
2021  7 21 16 58 11   46.31   10.85    -20.0 
2021  7 21 16 58 11   46.31   10.85    -11.0 
2021  7 21 16 58 11   46.30   10.88    -18.0 
2021  7 21 17  0  1   46.29   10.85     26.0 
2021  7 21 17  1  2   46.32   10.87     -4.0 
2021  7 21 17  1  2   46.31   10.87     -3.0 
2021  7 21 17  2 28   46.31   10.88     -2.0 
2021  7 21 17  4  3   46.29   10.85      9.0 
2021  7 21 17 24 33   46.28   10.85    -29.0 
2021  7 21 17 24 33   46.27   10.85    -13.0 
2021  7 21 17 35 37   46.53    8.80    -39.0 
2021  7 21 17 35 37   46.53    8.79     11.0 
2021  7 21 17 35 37   46.53    8.81    -32.0 
2021  7 21 17 38 13   46.52    8.82    -31.0 
2021  7 21 17 38 13   46.52    8.79      8.0 
2021  7 21 17 38 13   46.52    8.83    -13.0 
2021  7 21 17 38 13   46.53    8.79    -18.0 
2021  7 21 17 38 13   46.54    8.80     -3.0 
2021  7 21 17 42 52   46.52    8.86   -105.0 
2021  7 21 17 42 52   46.51    8.85    -16.0 
2021  7 21 17 42 52   46.53    8.86     -2.0 
2021  7 21 17 42 52   46.52    8.86    -25.0 
2021  7 21 17 42 52   46.53    8.86     -7.0 
2021  7 21 17 42 52   46.53    8.86     -2.0 
2021  7 21 17 42 52   46.52    8.86     -3.0 
2021  7 21 17 42 52   46.52    8.85     -7.0 
2021  7 21 17 42 52   46.51    8.86    -15.0 
2021  7 21 17 42 52   46.50    8.85    -11.0 
2021  7 21 17 42 52   46.51    8.86     -8.0 
2021  7 21 17 42 52   46.52    8.85     -7.0 
2021  7 21 17 45 38   46.30   10.81    -15.0 
2021  7 21 17 47 15   46.32   10.82      3.0 
2021  7 21 17 49 49   46.31   10.82    -10.0 
2021  7 21 17 49 49   46.34   10.81    -23.0 
2021  7 21 17 49 49   46.31   10.79      1.0 
2021  7 21 17 49 49   46.34   10.82    -16.0 
2021  7 21 17 49 49   46.35   10.81      2.0 
2021  7 21 17 49 49   46.33   10.80     -9.0 
2021  7 21 17 51  0   46.34   10.82    -50.0 
2021  7 21 17 51  0   46.34   10.81    -20.0 
2021  7 21 17 51  0   46.34   10.81    -27.0 
2021  7 21 17 51  0   46.32   10.80     19.0 
2021  7 21 17 51  0   46.34   10.82     -9.0 
2021  7 21 17 51  0   46.34   10.81    -14.0 
2021  7 21 17 51  0   46.35   10.83     -3.0 
2021  7 21 17 52 11   46.31   10.83    -34.0 
2021  7 21 17 52 11   46.30   10.80     11.0 
2021  7 21 17 52 11   46.34   10.81    -11.0 
2021  7 21 17 52 11   46.33   10.80    -14.0 
2021  7 21 17 53 11   46.29   10.83      2.0 
2021  7 21 17 53 54   46.31   10.83     13.0 
2021  7 21 17 53 54   46.32   10.83     -2.0 
2021  7 21 17 54 23   46.31   10.85     -4.0 
2021  7 21 17 54 23   46.32   10.84    -15.0 
2021  7 21 17 54 23   46.33   10.80      2.0 
2021  7 21 17 54 23   46.34   10.80    -14.0 
2021  7 21 17 54 23   46.33   10.79     -6.0 
2021  7 21 17 55 30   46.34   10.77    -23.0 
2021  7 21 17 55 48   46.34   10.86      2.0 
2021  7 21 17 56 29   46.34   10.86      1.0 
2021  7 21 17 56 29   46.31   10.81     -3.0 
2021  7 21 17 56 29   46.32   10.74     -2.0 
2021  7 21 17 58  9   46.34   10.85      3.0 
2021  7 21 17 58  9   46.33   10.82      8.0 
2021  7 21 18  0  3   46.30   10.82     22.0 
2021  7 21 18  1  4   46.30   10.87      2.0 
2021  7 21 18  6  2   46.33   10.79    -30.0 
2021  7 21 18  6  2   46.33   10.78     -2.0 
2021  7 21 18  6  2   46.34   10.79    -11.0 
2021  7 21 18  6  2   46.34   10.79    -23.0 
2021  7 21 18  6  2   46.36   10.78     -2.0 
2021  7 21 18  6 38   46.33   10.82      3.0 
2021  7 21 18  6 38   46.34   10.81      3.0 
2021  7 21 18  7  8   46.35   10.81     -2.0 
2021  7 21 18  7 24   46.24    9.27    -62.0 
2021  7 21 18  7 24   46.23    9.23     -1.0 
2021  7 21 18  7 24   46.24    9.26    -22.0 
2021  7 21 18  8 15   46.26    9.30     -2.0 
2021  7 21 18  9  4   46.25   10.84    -19.0 
2021  7 21 18  9  4   46.26   10.85      9.0 
2021  7 21 18  9 55   46.28   10.85     -6.0 
2021  7 21 18  9 55   46.26   10.88      3.0 
2021  7 21 18 10 33   46.29   10.84     -2.0 
2021  7 21 18 10 49   46.24    9.31    -15.0 
2021  7 21 18 11 26   46.26   10.85      5.0 
2021  7 21 18 12 29   46.23    9.33   -186.0 
2021  7 21 18 12 30   46.25    9.32    -51.0 
2021  7 21 18 12 30   46.25    9.32    -21.0 
2021  7 21 18 12 30   46.25    9.32    -12.0 
2021  7 21 18 12 30   46.27    9.31     -1.0 
2021  7 21 18 12 36   46.26   10.83     -4.0 
2021  7 21 18 13 15   46.22   10.84    -30.0 
2021  7 21 18 13 15   46.24   10.88     13.0 
2021  7 21 18 13 23   46.34   10.79      2.0 
2021  7 21 18 13 23   46.33   10.80      8.0 
2021  7 21 18 13 30   46.23    9.36    -28.0 
2021  7 21 18 13 30   46.24    9.36     -2.0 
2021  7 21 18 13 30   46.25    9.33    -26.0 
2021  7 21 18 13 30   46.25    9.37    -14.0 
2021  7 21 18 13 44   46.23    9.34     -4.0 
2021  7 21 18 13 45   46.27    9.33      3.0 
2021  7 21 18 13 47   46.25   10.86     18.0 
2021  7 21 18 14 29   46.23   10.85    -11.0 
2021  7 21 18 14 29   46.25   10.85      2.0 
2021  7 21 18 15 31   46.22   10.84    -18.0 
2021  7 21 18 15 31   46.23   10.86     -5.0 
2021  7 21 18 15 49   46.25    9.34    -38.0 
2021  7 21 18 15 49   46.27    9.34    -23.0 
2021  7 21 18 15 49   46.25    9.33    -11.0 
2021  7 21 18 15 49   46.24    9.35    -21.0 
2021  7 21 18 16 49   46.22   10.84     46.0 
2021  7 21 18 18 25   46.25    9.32     43.0 
2021  7 21 18 18 25   46.26    9.33      6.0 
2021  7 21 18 18 25   46.25    9.32    -11.0 
2021  7 21 18 19 17   46.22   10.85    -12.0 
2021  7 21 18 19 17   46.21   10.87     10.0 
2021  7 21 18 19 17   46.26   10.83    -47.0 
2021  7 21 18 19 17   46.26   10.81    -15.0 
2021  7 21 18 21 27   46.29    9.29    -62.0 
2021  7 21 18 21 27   46.27    9.31    -31.0 
2021  7 21 18 21 27   46.27    9.31    -16.0 
2021  7 21 18 22 40   46.22   10.85     18.0 
2021  7 21 18 23  4   46.34   10.77    -53.0 
2021  7 21 18 23  4   46.31   10.75    -40.0 
2021  7 21 18 23  4   46.35   10.75    -12.0 
2021  7 21 18 23  4   46.34   10.75     -9.0 
2021  7 21 18 23  5   46.35   10.74    -13.0 
2021  7 21 18 23  5   46.33   10.75    -16.0 
2021  7 21 18 23  5   46.34   10.74     -8.0 
2021  7 21 18 23  5   46.33   10.75    -13.0 
2021  7 21 18 23 14   46.20   10.84     -9.0 
2021  7 21 18 23 22   46.28    9.39      1.0 
2021  7 21 18 23 22   46.24    9.34      9.0 
2021  7 21 18 23 22   46.27    9.35      2.0 
2021  7 21 18 23 45   46.20   10.86     -1.0 
2021  7 21 18 24 10   46.20   10.85     47.0 
2021  7 21 18 24 37   46.38   10.80     16.0 
2021  7 21 18 24 37   46.32   10.80     16.0 
2021  7 21 18 25 29   46.21   10.84     29.0 
2021  7 21 18 25 29   46.23   10.84      7.0 
2021  7 21 18 27 12   46.22   10.88      2.0 
2021  7 21 18 27 44   46.25    9.33    -20.0 
2021  7 21 18 27 44   46.27    9.32     14.0 
2021  7 21 18 30 31   46.40   10.29    -20.0 
2021  7 21 18 30 31   46.41   10.29     -8.0 
2021  7 21 18 30 31   46.38   10.31    -18.0 
2021  7 21 18 30 31   46.39   10.28    -14.0 
2021  7 21 18 30 31   46.39   10.29    -22.0 
2021  7 21 18 30 31   46.40   10.30     -5.0 
2021  7 21 18 30 38   46.19   10.84     18.0 
2021  7 21 18 30 38   46.18   10.82     14.0 
2021  7 21 18 34 15   46.19   10.81     -9.0 
2021  7 21 18 35 29   46.20   10.79    -11.0 
2021  7 21 18 35 29   46.17   10.81     -3.0 
2021  7 21 18 35 29   46.20   10.81      5.0 
2021  7 21 18 37 14   46.20   10.77     68.0 
2021  7 21 18 37 40   46.35   10.33    -22.0 
2021  7 21 18 37 40   46.36   10.33    -32.0 
2021  7 21 18 37 40   46.37   10.34     -5.0 
2021  7 21 18 41  8   46.36   10.45    -99.0 
2021  7 21 18 41  8   46.36   10.47     -5.0 
2021  7 21 18 41  8   46.35   10.47     14.0 
2021  7 21 18 43 31   46.41    9.46    -19.0 
2021  7 21 18 44 21   46.38   10.56    -59.0 
2021  7 21 18 45  6   46.37   10.51     -9.0 
2021  7 21 18 45  6   46.39   10.57     -2.0 
2021  7 21 18 49 52   46.18   10.76     -7.0 
2021  7 21 18 50 17   46.35   10.55    -29.0 
2021  7 21 18 50 17   46.33   10.54     20.0 
2021  7 21 18 50 17   46.29   10.55     23.0 
2021  7 21 18 50 17   46.35   10.53    -18.0 
2021  7 21 18 50 17   46.35   10.55    -37.0 
2021  7 21 18 50 17   46.35   10.54    -27.0 
2021  7 21 18 50 18   46.35   10.54    -52.0 
2021  7 21 18 50 44   46.16   10.74     13.0 
2021  7 21 18 50 44   46.18   10.73      2.0 
2021  7 21 18 50 44   46.16   10.77     -4.0 
2021  7 21 18 51  5   46.31   11.72    -13.0 
2021  7 21 18 51  5   46.30   11.73    -23.0 
2021  7 21 18 51  5   46.29   11.74    -30.0 
2021  7 21 18 51  7   46.18   10.74      3.0 
2021  7 21 18 51  8   46.29   11.75     -1.0 
2021  7 21 18 52 13   46.36   10.56     12.0 
2021  7 21 18 52 54   46.30   11.76     11.0 
2021  7 21 18 53 28   46.34   10.55   -202.0 
2021  7 21 18 53 28   46.34   10.56    -28.0 
2021  7 21 18 53 28   46.35   10.59     32.0 
2021  7 21 18 53 28   46.34   10.57    -38.0 
2021  7 21 18 53 28   46.34   10.56    -28.0 
2021  7 21 18 53 28   46.34   10.56    -21.0 
2021  7 21 18 53 28   46.34   10.57    -21.0 
2021  7 21 18 53 28   46.34   10.56    -24.0 
2021  7 21 18 53 28   46.36   10.55     -3.0 
2021  7 21 18 53 29   46.34   10.56    -13.0 
2021  7 21 18 53 29   46.36   10.55    -11.0 
2021  7 21 18 54 35   46.15   10.77     -4.0 
2021  7 21 18 54 35   46.17   10.72      2.0 
2021  7 21 18 55 26   46.32   10.45    -15.0 
2021  7 21 18 55 26   46.32   10.46    -12.0 
2021  7 21 18 55 26   46.33   10.45    -13.0 
2021  7 21 18 55 46   46.16   10.72      2.0 
2021  7 21 18 56 16   46.16   10.79    -23.0 
2021  7 21 18 56 16   46.12   10.75      2.0 
2021  7 21 18 56 44   46.30   11.74     31.0 
2021  7 21 18 56 44   46.28   11.74     -3.0 
2021  7 21 18 56 44   46.30   11.73     -2.0 
2021  7 21 18 56 44   46.33   11.74     12.0 
2021  7 21 18 56 52   46.32   10.49     -6.0 
2021  7 21 18 56 52   46.35   10.56      2.0 
2021  7 21 18 56 59   46.19   10.76     -2.0 
2021  7 21 18 56 59   46.17   10.74     -9.0 
2021  7 21 18 57 22   46.35   10.55      2.0 
2021  7 21 18 57 47   46.42    9.41   -170.0 
2021  7 21 18 57 47   46.41    9.41    -20.0 
2021  7 21 18 57 47   46.39    9.35     -4.0 
2021  7 21 18 57 47   46.37    9.41     16.0 
2021  7 21 18 58 37   46.17   10.78     -2.0 
2021  7 21 18 58 37   46.16   10.74     -2.0 
2021  7 21 18 58 43   46.45    9.41    -69.0 
2021  7 21 18 58 51   46.18   10.76     -2.0 
2021  7 21 18 58 53   46.35   10.43    149.0 
2021  7 21 18 58 53   46.34   10.42     20.0 
2021  7 21 18 58 53   46.34   10.46     -2.0 
2021  7 21 18 58 53   46.36   10.42    -11.0 
2021  7 21 18 59 23   46.43    9.41    -34.0 
2021  7 21 18 59 23   46.41    9.43    -30.0 
2021  7 21 18 59 23   46.42    9.43    -11.0 
2021  7 21 18 59 23   46.43    9.41     -4.0 
2021  7 21 18 59 25   46.30   11.74      6.0 
2021  7 21 18 59 25   46.32   11.72     -3.0 
2021  7 21 18 59 25   46.30   11.71     27.0 
2021  7 21 18 59 28   46.47   10.33     66.0 
2021  7 21 18 59 28   46.32   10.47    -10.0 
2021  7 21 18 59 28   46.37   10.44     -5.0 
2021  7 21 18 59 41   46.40   10.29    -13.0 
2021  7 21 18 59 41   46.38   10.31     -8.0 
2021  7 21 18 59 41   46.40   10.33     -5.0 
2021  7 21 18 59 41   46.40   10.30    -27.0 
2021  7 21 18 59 41   46.41   10.30    -13.0 
2021  7 21 18 59 52   46.34   10.61     -5.0 
2021  7 21 19  0  8   46.33   10.47     16.0 
2021  7 21 19  0 26   46.27   11.77      5.0 
2021  7 21 19  0 29   46.19   10.80     -2.0 
2021  7 21 19  0 29   46.19   10.73     -4.0 
2021  7 21 19  0 29   46.18   10.75     -4.0 
2021  7 21 19  0 36   46.41    9.42   -140.0 
2021  7 21 19  0 36   46.40    9.42    -13.0 
2021  7 21 19  0 36   46.42    9.43    -11.0 
2021  7 21 19  0 36   46.39    9.44    -24.0 
2021  7 21 19  0 36   46.43    9.43     -9.0 
2021  7 21 19  0 36   46.41    9.43    -11.0 
2021  7 21 19  0 36   46.42    9.43     -8.0 
2021  7 21 19  0 36   46.42    9.42    -14.0 
2021  7 21 19  0 36   46.43    9.43     -4.0 
2021  7 21 19  0 52   46.33   10.44    -10.0 
2021  7 21 19  1  4   46.34   10.62    -24.0 
2021  7 21 19  1  4   46.34   10.62    -23.0 
2021  7 21 19  1  4   46.34   10.61    -17.0 
2021  7 21 19  1  4   46.34   10.59     -7.0 
2021  7 21 19  1  4   46.33   10.62    -13.0 
2021  7 21 19  1  4   46.34   10.59    -10.0 
2021  7 21 19  1  4   46.34   10.64    -20.0 
2021  7 21 19  1  4   46.34   10.62    -16.0 
2021  7 21 19  1 11   46.33   10.47     -5.0 
2021  7 21 19  1 11   46.32   10.50     -3.0 
2021  7 21 19  1 11   46.33   10.49     -1.0 
2021  7 21 19  1 11   46.33   10.56      3.0 
2021  7 21 19  1 17   46.39   10.31    -79.0 
2021  7 21 19  1 17   46.39   10.31    -43.0 
2021  7 21 19  1 47   46.42    9.44     24.0 
2021  7 21 19  2  4   46.33   11.73    -11.0 
2021  7 21 19  2  4   46.29   11.71     36.0 
2021  7 21 19  2  5   46.20   11.79    -37.0 
2021  7 21 19  2  5   46.27   11.73     -2.0 
2021  7 21 19  2 13   46.35   10.48     10.0 
2021  7 21 19  2 14   46.14   10.74     -6.0 
2021  7 21 19  2 14   46.19   10.78     40.0 
2021  7 21 19  2 18   46.35   10.62     -7.0 
2021  7 21 19  2 18   46.34   10.62    -21.0 
2021  7 21 19  2 18   46.33   10.62    -33.0 
2021  7 21 19  2 18   46.34   10.64     -3.0 
2021  7 21 19  2 18   46.36   10.60    -55.0 
2021  7 21 19  2 36   46.42    9.42    -72.0 
2021  7 21 19  2 36   46.41    9.42    -18.0 
2021  7 21 19  2 36   46.42    9.42     22.0 
2021  7 21 19  2 37   46.39    9.38      4.0 
2021  7 21 19  2 37   46.40    9.33     -7.0 
2021  7 21 19  2 37   46.41    9.44     -5.0 
2021  7 21 19  2 47   46.30   10.66     -3.0 
2021  7 21 19  2 48   46.36   10.67      6.0 
2021  7 21 19  2 48   46.33   10.58      3.0 
2021  7 21 19  2 57   46.39   10.30   -124.0 
2021  7 21 19  2 57   46.39   10.33    -16.0 
2021  7 21 19  2 57   46.39   10.33    -24.0 
2021  7 21 19  3 29   46.14   10.74     17.0 
2021  7 21 19  3 31   46.32   10.47    -62.0 
2021  7 21 19  3 31   46.34   10.48    -18.0 
2021  7 21 19  3 32   46.33   10.61     -2.0 
2021  7 21 19  3 42   46.36   10.60     -3.0 
2021  7 21 19  3 42   46.33   10.67      3.0 
2021  7 21 19  3 42   46.33   10.67      3.0 
2021  7 21 19  4 21   46.28   11.74     -2.0 
2021  7 21 19  4 21   46.30   11.72      9.0 
2021  7 21 19  4 21   46.28   11.70     28.0 
2021  7 21 19  4 21   46.30   11.72     -3.0 
2021  7 21 19  4 29   46.34   10.64      8.0 
2021  7 21 19  4 33   46.37   10.35    -63.0 
2021  7 21 19  4 33   46.38   10.30    -93.0 
2021  7 21 19  4 33   46.37   10.30     24.0 
2021  7 21 19  4 33   46.39   10.33     -9.0 
2021  7 21 19  4 45   46.43    9.41   -173.0 
2021  7 21 19  4 45   46.43    9.45    -35.0 
2021  7 21 19  4 45   46.38    9.40     23.0 
2021  7 21 19  4 45   46.34    9.41     16.0 
2021  7 21 19  4 46   46.41    9.46    -21.0 
2021  7 21 19  4 46   46.14   10.76     -3.0 
2021  7 21 19  4 57   46.35   10.61    -17.0 
2021  7 21 19  4 57   46.35   10.60    -18.0 
2021  7 21 19  4 57   46.33   10.59    -20.0 
2021  7 21 19  4 58   46.33   10.51    -12.0 
2021  7 21 19  4 58   46.38   10.60     -2.0 
2021  7 21 19  4 58   46.36   10.60     -7.0 
2021  7 21 19  4 58   46.35   10.59     -8.0 
2021  7 21 19  4 58   46.35   10.60    -12.0 
2021  7 21 19  5 11   46.29   11.73      4.0 
2021  7 21 19  5 15   46.33   10.67      6.0 
2021  7 21 19  5 15   46.35   10.62      2.0 
2021  7 21 19  5 15   46.27   10.65     -2.0 
2021  7 21 19  5 22   46.33   10.35     -2.0 
2021  7 21 19  5 27   46.38   10.48      5.0 
2021  7 21 19  5 28   46.41   10.41      3.0 
2021  7 21 19  5 28   46.37   10.47      9.0 
2021  7 21 19  5 28   46.38   10.48      3.0 
2021  7 21 19  5 35   46.38   10.31    -49.0 
2021  7 21 19  5 35   46.40   10.35     -7.0 
2021  7 21 19  5 35   46.39   10.31    -22.0 
2021  7 21 19  5 35   46.38   10.32    -15.0 
2021  7 21 19  5 49   46.33   10.61    -19.0 
2021  7 21 19  5 49   46.35   10.61     20.0 
2021  7 21 19  5 49   46.33   10.50     18.0 
2021  7 21 19  6  8   46.14   10.76      7.0 
2021  7 21 19  6  8   46.32   10.55      8.0 
2021  7 21 19  6 17   46.30   10.46     -3.0 
2021  7 21 19  6 17   46.31   10.54      3.0 
2021  7 21 19  6 17   46.29   10.42      2.0 
2021  7 21 19  6 17   46.29   10.43    -20.0 
2021  7 21 19  6 23   46.34   10.64     13.0 
2021  7 21 19  6 23   46.35   10.63      5.0 
2021  7 21 19  6 24   46.38   10.33    -12.0 
2021  7 21 19  6 24   46.37   10.28    -20.0 
2021  7 21 19  6 24   46.39   10.33     -2.0 
2021  7 21 19  7  0   46.35   10.36      3.0 
2021  7 21 19  7  1   46.33   10.60     11.0 
2021  7 21 19  7  1   46.33   10.59     26.0 
2021  7 21 19  7  1   46.34   10.62     -2.0 
2021  7 21 19  7  1   46.34   10.61     -2.0 
2021  7 21 19  7 15   46.19   10.38     -3.0 
2021  7 21 19  7 15   46.20   10.35     -3.0 
2021  7 21 19  7 22   46.33   10.60     61.0 
2021  7 21 19  7 22   46.36   10.61     12.0 
2021  7 21 19  7 22   46.32   10.58      9.0 
2021  7 21 19  7 22   46.34   10.62      4.0 
2021  7 21 19  7 27   46.19   10.38     -3.0 
2021  7 21 19  7 27   46.34   10.32    -17.0 
2021  7 21 19  7 33   46.26   11.60    -46.0 
2021  7 21 19  7 33   46.28   11.73     -6.0 
2021  7 21 19  7 33   46.30   11.74      1.0 
2021  7 21 19  7 33   46.27   11.71     11.0 
2021  7 21 19  7 33   46.28   11.77     18.0 
2021  7 21 19  7 33   46.26   11.75     12.0 
2021  7 21 19  7 33   46.25   11.66    -87.0 
2021  7 21 19  7 35   46.36   10.50     -3.0 
2021  7 21 19  7 39   46.27   10.44     -2.0 
2021  7 21 19  7 44   46.37   10.64      3.0 
2021  7 21 19  7 44   46.33   10.58     -2.0 
2021  7 21 19  7 44   46.31   10.59    -32.0 
2021  7 21 19  7 44   46.31   10.53      6.0 
2021  7 21 19  7 57   46.28   10.41      1.0 
2021  7 21 19  8  7   46.37   10.68     -5.0 
2021  7 21 19  8  7   46.37   10.35    -13.0 
2021  7 21 19  8  7   46.37   10.31    -23.0 
2021  7 21 19  8  7   46.39   10.33    -16.0 
2021  7 21 19  8  7   46.38   10.32    -20.0 
2021  7 21 19  8  7   46.38   10.32    -26.0 
2021  7 21 19  8  7   46.32   10.64     12.0 
2021  7 21 19  8  7   46.39   10.65      4.0 
2021  7 21 19  8 10   46.20   10.37     -2.0 
2021  7 21 19  8 21   46.36   10.37      2.0 
2021  7 21 19  8 29   46.38   10.47      5.0 
2021  7 21 19  8 39   46.36   10.56     10.0 
2021  7 21 19  8 39   46.35   10.58     30.0 
2021  7 21 19  8 39   46.34   10.60      3.0 
2021  7 21 19  8 39   46.33   10.61      1.0 
2021  7 21 19  8 49   46.19   10.36    -18.0 
2021  7 21 19  8 55   46.28   11.75     -6.0 
2021  7 21 19  8 55   46.28   11.75      1.0 
2021  7 21 19  8 56   46.22   11.66      7.0 
2021  7 21 19  8 59   46.20   10.39     -2.0 
2021  7 21 19  9  3   46.38   10.30      6.0 
2021  7 21 19  9  3   46.38   10.31     17.0 
2021  7 21 19  9  3   46.38   10.37      2.0 
2021  7 21 19  9  7   46.34   10.60     40.0 
2021  7 21 19  9  7   46.34   10.62      3.0 
2021  7 21 19  9  7   46.35   10.60      5.0 
2021  7 21 19  9  7   46.33   10.61     11.0 
2021  7 21 19  9  9   46.19   10.37     -3.0 
2021  7 21 19  9 18   46.33   10.57      8.0 
2021  7 21 19  9 30   46.37   10.56     -1.0 
2021  7 21 19  9 30   46.35   10.58     -2.0 
2021  7 21 19  9 30   46.35   10.61      4.0 
2021  7 21 19  9 30   46.33   10.62      3.0 
2021  7 21 19  9 33   46.28    9.57     14.0 
2021  7 21 19  9 48   46.34   10.23     -1.0 
2021  7 21 19  9 48   46.38   10.31     12.0 
2021  7 21 19  9 48   46.38   10.32     -2.0 
2021  7 21 19  9 59   46.34   10.61      4.0 
2021  7 21 19  9 59   46.33   10.63     22.0 
2021  7 21 19  9 59   46.32   10.55      2.0 
2021  7 21 19  9 59   46.33   10.48      5.0 
2021  7 21 19 10  0   46.32   10.54      3.0 
2021  7 21 19 10 25   46.41   10.28     21.0 
2021  7 21 19 10 25   46.38   10.30    -23.0 
2021  7 21 19 10 25   46.39   10.33    -17.0 
2021  7 21 19 10 25   46.18   10.34     -1.0 
2021  7 21 19 10 26   46.18   10.36      7.0 
2021  7 21 19 10 36   46.33   10.60     20.0 
2021  7 21 19 10 36   46.33   10.59     -5.0 
2021  7 21 19 10 36   46.32   10.61     -2.0 
2021  7 21 19 10 36   46.26   11.73     42.0 
2021  7 21 19 10 36   46.27   11.74      8.0 
2021  7 21 19 10 36   46.27   11.73      3.0 
2021  7 21 19 10 39   46.31    9.59    -80.0 
2021  7 21 19 11  6   46.34   10.59      2.0 
2021  7 21 19 11 15   46.37   10.31     38.0 
2021  7 21 19 11 17   46.33   10.59     16.0 
2021  7 21 19 11 17   46.33   10.63      3.0 
2021  7 21 19 11 17   46.34   10.60     -9.0 
2021  7 21 19 11 17   46.32   10.59    -64.0 
2021  7 21 19 11 17   46.32   10.59    -35.0 
2021  7 21 19 11 17   46.33   10.59    -10.0 
2021  7 21 19 11 54   46.36   10.31     33.0 
2021  7 21 19 11 54   46.38   10.36      2.0 
2021  7 21 19 12 10   46.35   10.62     12.0 
2021  7 21 19 12 10   46.31   10.65      4.0 
2021  7 21 19 12 10   46.33   10.61     33.0 
2021  7 21 19 12 11   46.35   10.40     -2.0 
2021  7 21 19 12 11   46.29   10.54      4.0 
2021  7 21 19 12 11   46.44   10.35     -1.0 
2021  7 21 19 12 19   46.20   10.42    -14.0 
2021  7 21 19 12 23   46.15   10.70    -23.0 
2021  7 21 19 12 23   46.16   10.69    -24.0 
2021  7 21 19 12 30   46.23   11.78     21.0 
2021  7 21 19 12 30   46.26   11.73    -17.0 
2021  7 21 19 12 30   46.27   11.74     -2.0 
2021  7 21 19 12 38   46.19   10.38      4.0 
2021  7 21 19 12 38   46.20   10.38     -2.0 
2021  7 21 19 12 43   46.33   10.61     27.0 
2021  7 21 19 12 43   46.36   10.64      2.0 
2021  7 21 19 12 59   46.37   10.61     -1.0 
2021  7 21 19 13  0   46.31    9.59   -170.0 
2021  7 21 19 13  0   46.31    9.59    -29.0 
2021  7 21 19 13  0   46.36    9.54    -21.0 
2021  7 21 19 13  0   46.29    9.51    -10.0 
2021  7 21 19 13  0   46.31    9.57    -16.0 
2021  7 21 19 13  0   46.31    9.60     -4.0 
2021  7 21 19 13  0   46.29    9.52     -9.0 
2021  7 21 19 13  0   46.31    9.59     -4.0 
2021  7 21 19 13  0   46.32    9.59     -4.0 
2021  7 21 19 13  0   46.31    9.60     -4.0 
2021  7 21 19 13  5   46.33   10.60      2.0 
2021  7 21 19 13  5   46.33   10.65      3.0 
2021  7 21 19 13  5   46.34   10.60      6.0 
2021  7 21 19 13 28   46.18   10.41     -3.0 
2021  7 21 19 13 30   46.35   10.37    -14.0 
2021  7 21 19 13 30   46.34   10.35    -15.0 
2021  7 21 19 13 30   46.38   10.32    -24.0 
2021  7 21 19 13 30   46.36   10.36    -23.0 
2021  7 21 19 13 30   46.31   10.28    -10.0 
2021  7 21 19 14 11   46.37   10.30    -60.0 
2021  7 21 19 14 11   46.39   10.30    -20.0 
2021  7 21 19 14 11   46.41   10.30     -5.0 
2021  7 21 19 14 20   46.17   10.69    -11.0 
2021  7 21 19 14 21   46.32   10.64     18.0 
2021  7 21 19 14 21   46.33   10.56     -6.0 
2021  7 21 19 14 33   46.27   11.74    -20.0 
2021  7 21 19 14 33   46.26   11.76      5.0 
2021  7 21 19 14 33   46.30   11.73     -2.0 
2021  7 21 19 14 33   46.28   11.76      3.0 
2021  7 21 19 14 51   46.30   10.60      9.0 
2021  7 21 19 14 51   46.36   10.67      3.0 
2021  7 21 19 15  0   46.36   10.36     54.0 
2021  7 21 19 15  0   46.42   10.27    -14.0 
2021  7 21 19 15  0   46.35   10.33      4.0 
2021  7 21 19 15  6   46.35   10.50     -2.0 
2021  7 21 19 15  6   46.34   10.45     -6.0 
2021  7 21 19 15  6   46.35   10.44    -12.0 
2021  7 21 19 15 16   46.34   10.59     -2.0 
2021  7 21 19 15 16   46.34   10.59     13.0 
2021  7 21 19 15 16   46.35   10.62      6.0 
2021  7 21 19 15 29   46.18   10.39     24.0 
2021  7 21 19 15 41   46.38   10.35     -5.0 
2021  7 21 19 15 41   46.39   10.33    -20.0 
2021  7 21 19 15 41   46.38   10.37      6.0 
2021  7 21 19 15 41   46.36   10.35      2.0 
2021  7 21 19 16  1   46.26   10.49    -81.0 
2021  7 21 19 16  1   46.30   10.59     12.0 
2021  7 21 19 16  2   46.32   10.53      3.0 
2021  7 21 19 16 39   46.27    9.56    -63.0 
2021  7 21 19 16 39   46.29    9.53    -23.0 
2021  7 21 19 16 39   46.28    9.56     -5.0 
2021  7 21 19 16 39   46.28    9.55     -5.0 
2021  7 21 19 16 43   46.35   10.36     -1.0 
2021  7 21 19 16 44   46.32   10.61     43.0 
2021  7 21 19 16 44   46.34   10.62      2.0 
2021  7 21 19 16 44   46.34   10.61     -5.0 
2021  7 21 19 16 44   46.34   10.58     -3.0 
2021  7 21 19 16 44   46.29   10.50      2.0 
2021  7 21 19 16 45   46.34   10.60      1.0 
2021  7 21 19 16 45   46.33   10.61     21.0 
2021  7 21 19 17 12   46.26   11.75     15.0 
2021  7 21 19 17 49   46.36   10.31    -35.0 
2021  7 21 19 17 49   46.38   10.31    -36.0 
2021  7 21 19 17 49   46.38   10.30    -12.0 
2021  7 21 19 17 49   46.35   10.29    -11.0 
2021  7 21 19 17 49   46.40   10.33     -2.0 
2021  7 21 19 17 49   46.37   10.31     -6.0 
2021  7 21 19 17 49   46.38   10.31     -8.0 
2021  7 21 19 17 49   46.37   10.31    -16.0 
2021  7 21 19 17 49   46.36   10.29    -16.0 
2021  7 21 19 17 50   46.41   10.38     -6.0 
2021  7 21 19 17 50   46.39   10.32     -4.0 
2021  7 21 19 17 50   46.37   10.31    -14.0 
2021  7 21 19 17 50   46.37   10.32     -3.0 
2021  7 21 19 18 12   46.31   10.54     -3.0 
2021  7 21 19 18 12   46.36   10.34      3.0 
2021  7 21 19 18 22   46.28    9.63      6.0 
2021  7 21 19 18 28   46.35   10.64      3.0 
2021  7 21 19 18 38   46.40   10.38     -7.0 
2021  7 21 19 18 38   46.38   10.36    -13.0 
2021  7 21 19 19 11   46.34   10.59      3.0 
2021  7 21 19 20 16   46.40   10.35      2.0 
2021  7 21 19 20 16   46.35   10.66      2.0 
2021  7 21 19 20 24   46.30   10.58      8.0 
2021  7 21 19 20 45   46.36   10.32      1.0 
2021  7 21 19 21  0   46.32   10.65     19.0 
2021  7 21 19 21  2   46.34   10.41      4.0 
2021  7 21 19 21 30   46.38   10.33      2.0 
2021  7 21 19 21 30   46.35   10.65     19.0 
2021  7 21 19 21 30   46.36   10.68      2.0 
2021  7 21 19 21 45   46.36   10.34     14.0 
2021  7 21 19 22 14   46.35   10.64     26.0 
2021  7 21 19 22 14   46.32   10.65    -17.0 
2021  7 21 19 22 14   46.30   10.62     -2.0 
2021  7 21 19 22 29   46.25    9.57    -52.0 
2021  7 21 19 22 29   46.26    9.55    -27.0 
2021  7 21 19 22 29   46.27    9.54    -26.0 
2021  7 21 19 22 29   46.27    9.55    -14.0 
2021  7 21 19 22 29   46.27    9.54    -14.0 
2021  7 21 19 22 29   46.26    9.54     -6.0 
2021  7 21 19 22 29   46.27    9.56     -3.0 
2021  7 21 19 22 44   46.39   10.30      5.0 
2021  7 21 19 22 48   46.36   10.32      9.0 
2021  7 21 19 23  6   46.36   10.65     12.0 
2021  7 21 19 23 50   46.36   10.32     -3.0 
2021  7 21 19 23 50   46.36   10.40      2.0 
2021  7 21 19 23 52   46.30    9.57     43.0 
2021  7 21 19 23 52   46.28    9.57     10.0 
2021  7 21 19 23 52   46.27    9.59      2.0 
2021  7 21 19 23 52   46.30    9.55      2.0 
2021  7 21 19 23 52   46.31    9.63      5.0 
2021  7 21 19 23 57   46.32   10.63    -17.0 
2021  7 21 19 23 57   46.36   10.70      5.0 
2021  7 21 19 23 58   46.31   10.62      2.0 
2021  7 21 19 24 19   46.38   10.29     -2.0 
2021  7 21 19 24 39   46.30   10.43    -15.0 
2021  7 21 19 24 44   46.35   10.35     -9.0 
2021  7 21 19 24 49   46.31   10.59    -34.0 
2021  7 21 19 24 49   46.32   10.60     11.0 
2021  7 21 19 24 49   46.32   10.59     10.0 
2021  7 21 19 25  9   46.24    9.60    -29.0 
2021  7 21 19 25  9   46.27    9.60     -3.0 
2021  7 21 19 25 10   46.27    9.55    -27.0 
2021  7 21 19 25 10   46.27    9.56     -4.0 
2021  7 21 19 25 49   46.32   10.62    -29.0 
2021  7 21 19 25 49   46.34   10.62     12.0 
2021  7 21 19 25 49   46.32   10.60    -15.0 
2021  7 21 19 26 52   46.25    9.56     37.0 
2021  7 21 19 26 52   46.27    9.55     36.0 
2021  7 21 19 26 52   46.28    9.55      7.0 
2021  7 21 19 26 52   46.28    9.59     16.0 
2021  7 21 19 27 19   46.35   10.28     24.0 
2021  7 21 19 27 19   46.38   10.28     16.0 
2021  7 21 19 27 19   46.37   10.30     12.0 
2021  7 21 19 27 27   46.25    9.55     23.0 
2021  7 21 19 27 34   46.36   10.67     32.0 
2021  7 21 19 27 34   46.33   10.71    -12.0 
2021  7 21 19 27 34   46.31   10.68      4.0 
2021  7 21 19 28  2   46.29    9.57     -4.0 
2021  7 21 19 28 14   46.34   10.38    -13.0 
2021  7 21 19 28 37   46.29    9.58     -9.0 
2021  7 21 19 28 37   46.29    9.60     -2.0 
2021  7 21 19 29 12   46.32   10.59     22.0 
2021  7 21 19 29 12   46.29   10.62     -4.0 
2021  7 21 19 29 12   46.28   10.64      2.0 
2021  7 21 19 29 12   46.33   10.63     -5.0 
2021  7 21 19 29 12   46.29   10.52     -1.0 
2021  7 21 19 29 13   46.38   10.32      7.0 
2021  7 21 19 29 13   46.33   10.53     -2.0 
2021  7 21 19 29 49   46.26    9.56    -77.0 
2021  7 21 19 29 49   46.26    9.57     11.0 
2021  7 21 19 29 49   46.27    9.57     -9.0 
2021  7 21 19 29 49   46.26    9.56    -29.0 
2021  7 21 19 29 49   46.26    9.57    -55.0 
2021  7 21 19 29 50   46.26    9.55     -8.0 
2021  7 21 19 30 28   46.36   10.31      8.0 
2021  7 21 19 30 28   46.36   10.34      2.0 
2021  7 21 19 30 28   46.37   10.38      4.0 
2021  7 21 19 31  3   46.25    9.59    -81.0 
2021  7 21 19 31  3   46.26    9.60     -3.0 
2021  7 21 19 31  3   46.24    9.55    -26.0 
2021  7 21 19 31  3   46.25    9.59    -10.0 
2021  7 21 19 31  5   46.23   10.41    -11.0 
2021  7 21 19 31  5   46.20   10.41     -2.0 
2021  7 21 19 31  6   46.19   10.37     52.0 
2021  7 21 19 31 13   46.35   10.36      3.0 
2021  7 21 19 31 39   46.30   10.58     92.0 
2021  7 21 19 31 39   46.20   10.39     15.0 
2021  7 21 19 31 39   46.32   10.60      3.0 
2021  7 21 19 32  7   46.38   10.40      6.0 
2021  7 21 19 32 42   46.28   10.59      1.0 
2021  7 21 19 32 55   46.24    9.58   -116.0 
2021  7 21 19 32 55   46.24    9.59    -19.0 
2021  7 21 19 32 55   46.25    9.60    -15.0 
2021  7 21 19 32 55   46.24    9.58    -22.0 
2021  7 21 19 32 55   46.25    9.59     -4.0 
2021  7 21 19 32 59   46.20   10.36    -14.0 
2021  7 21 19 33 33   46.34   10.27    -20.0 
2021  7 21 19 34  5   46.13   10.68     28.0 
2021  7 21 19 34 15   46.37   10.29    -40.0 
2021  7 21 19 34 15   46.35   10.30    -12.0 
2021  7 21 19 34 15   46.37   10.28    -37.0 
2021  7 21 19 34 15   46.37   10.29    -12.0 
2021  7 21 19 34 15   46.38   10.29    -16.0 
2021  7 21 19 34 42   46.32   10.26      7.0 
2021  7 21 19 34 59   46.21   10.41     -7.0 
2021  7 21 19 35  0   46.22    9.57    -19.0 
2021  7 21 19 35  0   46.26    9.60    -22.0 
2021  7 21 19 35  0   46.24    9.59      3.0 
2021  7 21 19 35  6   46.21   10.35     -8.0 
2021  7 21 19 35  6   46.32   10.29     -2.0 
2021  7 21 19 35 16   46.29   10.61     41.0 
2021  7 21 19 35 16   46.32   10.59     13.0 
2021  7 21 19 35 43   46.37   10.38     -2.0 
2021  7 21 19 35 44   46.35   10.28    -19.0 
2021  7 21 19 35 44   46.33   10.28    -18.0 
2021  7 21 19 36 31   46.36   10.27    -21.0 
2021  7 21 19 36 32   46.35   10.26    -18.0 
2021  7 21 19 36 32   46.36   10.26    -11.0 
2021  7 21 19 36 32   46.35   10.26    -47.0 
2021  7 21 19 36 59   46.23   10.43     -2.0 
2021  7 21 19 37 12   46.23   10.44    -13.0 
2021  7 21 19 37 18   46.35   10.28    -11.0 
2021  7 21 19 37 18   46.34   10.30    -22.0 
2021  7 21 19 37 18   46.34   10.30    -17.0 
2021  7 21 19 37 19   46.37   10.31     -3.0 
2021  7 21 19 37 19   46.35   10.31     -5.0 
2021  7 21 19 37 25   46.22   10.39    -12.0 
2021  7 21 19 37 26   46.22   10.40    -17.0 
2021  7 21 19 37 40   46.21   10.41     10.0 
2021  7 21 19 37 45   46.25    9.60     96.0 
2021  7 21 19 37 45   46.24    9.60     -7.0 
2021  7 21 19 37 49   46.19   10.46     -2.0 
2021  7 21 19 37 52   46.30   10.68      8.0 
2021  7 21 19 37 52   46.29   10.58     22.0 
2021  7 21 19 37 52   46.26   10.58     -3.0 
2021  7 21 19 38 12   46.35   10.62      2.0 
2021  7 21 19 38 24   46.37   10.29    -15.0 
2021  7 21 19 38 24   46.32   10.32    -13.0 
2021  7 21 19 38 24   46.34   10.26    -29.0 
2021  7 21 19 38 24   46.35   10.26    -14.0 
2021  7 21 19 38 24   46.35   10.26     -8.0 
2021  7 21 19 38 27   46.19   10.43    -18.0 
2021  7 21 19 39  4   46.22   10.42     -2.0 
2021  7 21 19 39 26   46.22   10.40     -2.0 
2021  7 21 19 39 40   46.20   10.45     -2.0 
2021  7 21 19 39 54   46.19   10.36     -2.0 
2021  7 21 19 39 56   46.34   10.27    -27.0 
2021  7 21 19 39 56   46.36   10.31    -28.0 
2021  7 21 19 39 56   46.36   10.31    -18.0 
2021  7 21 19 39 56   46.36   10.31    -37.0 
2021  7 21 19 39 56   46.36   10.30    -13.0 
2021  7 21 19 39 56   46.36   10.29     -8.0 
2021  7 21 19 40 34   46.20   10.42     -2.0 
2021  7 21 19 40 39   46.27   10.42     -4.0 
2021  7 21 19 41 24   46.36   10.34     -6.0 
2021  7 21 19 41 40   46.21   10.40      3.0 
2021  7 21 19 41 59   46.19   10.42    -14.0 
2021  7 21 19 41 59   46.21   10.43     -9.0 
2021  7 21 19 43 16   46.22   10.42     -5.0 
2021  7 21 19 43 44   46.23   10.41      2.0 
2021  7 21 19 44 21   46.35   10.20     -2.0 
2021  7 21 19 44 56   46.23   10.44     -3.0 
2021  7 21 19 44 56   46.25    9.59     31.0 
2021  7 21 19 45 34   46.19   10.42      3.0 
2021  7 21 19 45 35   46.21   10.45     -2.0 
2021  7 21 19 45 52   46.38   10.33      2.0 
2021  7 21 19 45 52   46.37   10.33      1.0 
2021  7 21 19 45 54   46.35   10.28      5.0 
2021  7 21 19 45 54   46.35   10.29     17.0 
2021  7 21 19 46 11   46.20   10.41     -1.0 
2021  7 21 19 46 11   46.38   10.25     -2.0 
2021  7 21 19 46 11   46.39   10.36      2.0 
2021  7 21 19 46 11   46.34   10.28      8.0 
2021  7 21 19 46 11   46.37   10.37      2.0 
2021  7 21 19 47 33   46.19   10.36    -11.0 
2021  7 21 19 47 47   46.21   10.42     -3.0 
2021  7 21 19 48 25   46.26   10.57     37.0 
2021  7 21 19 49  6   46.21   10.41     -1.0 
2021  7 21 19 49 10   46.32   10.47    -12.0 
2021  7 21 19 49 10   46.38   10.34     -2.0 
2021  7 21 19 49 10   46.31   10.47     -3.0 
2021  7 21 19 49 45   46.37   10.25     -7.0 
2021  7 21 19 50 17   46.34   10.26      2.0 
2021  7 21 19 51 38   46.25   10.50      2.0 
2021  7 21 19 51 38   46.24   10.52     32.0 
2021  7 21 19 51 39   46.26   10.53     -3.0 
2021  7 21 19 51 42   46.27   10.52     -1.0 
2021  7 21 19 52 20   46.37   10.25     -2.0 
2021  7 21 19 53  5   46.23   10.55     -3.0 
2021  7 21 19 54 33   46.34   10.26     12.0 
2021  7 21 19 55 18   46.35   10.27     -2.0 
2021  7 21 19 56 16   46.24   10.59     22.0 
2021  7 21 19 56 16   46.25   10.58      4.0 
2021  7 21 19 56 41   46.29   10.38      1.0 
2021  7 21 19 56 41   46.29   10.36    -13.0 
2021  7 21 19 57 33   46.33   10.32     -4.0 
2021  7 21 19 57 43   46.35   10.32     10.0 
2021  7 21 19 57 43   46.35   10.30     12.0 
2021  7 21 19 58 42   46.21   10.57     33.0 
2021  7 21 19 58 43   46.21   10.57      2.0 
2021  7 21 19 58 43   46.23   10.57     35.0 
2021  7 21 19 58 45   46.19   10.39    -30.0 
2021  7 21 19 58 50   46.35   10.30      2.0 
2021  7 21 19 58 50   46.34   10.29      2.0 
2021  7 21 19 59  6   46.30   10.39     -2.0 
2021  7 21 19 59 19   46.26   10.43    -13.0 
2021  7 21 19 59 54   46.22   10.40     18.0 
2021  7 21 20  0 20   46.27   10.40     -6.0 
2021  7 21 20  0 20   46.29   10.41    -13.0 
2021  7 21 20  0 20   46.28   10.32     -1.0 
2021  7 21 20  0 36   46.35   10.27      7.0 
2021  7 21 20  0 36   46.37   10.28      9.0 
2021  7 21 20  0 38   46.27   10.45    -12.0 
2021  7 21 20  0 38   46.30   10.42    -16.0 
2021  7 21 20  0 49   46.30   10.38    -15.0 
2021  7 21 20  1  2   46.29   10.38     -2.0 
2021  7 21 20  1  2   46.29   10.41     -2.0 
2021  7 21 20  1  6   46.29   10.41     -4.0 
2021  7 21 20  1 26   46.28   10.41    -12.0 
2021  7 21 20  1 36   46.21   10.56     23.0 
2021  7 21 20  1 58   46.22   10.40    -78.0 
2021  7 21 20  1 58   46.25   10.38      2.0 
2021  7 21 20  2 13   46.22   10.44    -12.0 
2021  7 21 20  2 31   46.22   10.40    -30.0 
2021  7 21 20  2 54   46.22   10.40     -8.0 
2021  7 21 20  2 58   46.28   10.42      2.0 
2021  7 21 20  3 36   46.29   10.41     -1.0 
2021  7 21 20  3 37   46.29   10.43     -2.0 
2021  7 21 20  3 39   46.23   10.42     -2.0 
2021  7 21 20  3 39   46.21   10.41    -17.0 
2021  7 21 20  3 48   46.36   10.29     16.0 
2021  7 21 20  3 57   46.19   10.38     10.0 
2021  7 21 20  3 57   46.17   10.41     63.0 
2021  7 21 20  4  2   46.24   10.48    -17.0 
2021  7 21 20  4  8   46.22   10.38    -14.0 
2021  7 21 20  4 28   46.45   10.30    -17.0 
2021  7 21 20  4 28   46.46   10.28     -9.0 
2021  7 21 20  4 28   46.47   10.31    -16.0 
2021  7 21 20  4 28   46.47   10.32     -9.0 
2021  7 21 20  4 40   46.26   10.32      6.0 
2021  7 21 20  4 49   46.20   10.33     13.0 
2021  7 21 20  5  1   46.25   10.47     -6.0 
2021  7 21 20  5  1   46.24   10.39      2.0 
2021  7 21 20  5 15   46.24   10.43    -11.0 
2021  7 21 20  5 15   46.23   10.42     -2.0 
2021  7 21 20  5 16   46.20   10.39     40.0 
2021  7 21 20  5 26   46.31   10.40     -2.0 
2021  7 21 20  6  1   46.34   10.31     39.0 
2021  7 21 20  6  7   46.24   10.45     -1.0 
2021  7 21 20  6 20   46.45   10.29     -3.0 
2021  7 21 20  6 27   46.20   10.42     -8.0 
2021  7 21 20  6 27   46.21   10.40     -6.0 
2021  7 21 20  6 27   46.23   10.46     -3.0 
2021  7 21 20  7 31   46.21   10.38    -18.0 
2021  7 21 20  7 31   46.21   10.39     -5.0 
2021  7 21 20  7 38   46.23   10.48      2.0 
2021  7 21 20  7 38   46.24   10.46     -1.0 
2021  7 21 20  7 47   46.24   10.37     -4.0 
2021  7 21 20  8  2   46.24   10.43     78.0 
2021  7 21 20  8  2   46.20   10.44      3.0 
2021  7 21 20  8  3   46.24   10.45     -3.0 
2021  7 21 20  8  3   46.24   10.44     44.0 
2021  7 21 20  8 25   46.35   10.28    -18.0 
2021  7 21 20  8 25   46.30   10.28      7.0 
2021  7 21 20  9  3   46.22   10.35     -7.0 
2021  7 21 20  9 23   46.22   10.40     -4.0 
2021  7 21 20  9 47   46.21   10.41     -3.0 
2021  7 21 20 10  6   46.21   10.50     17.0 
2021  7 21 20 10 36   46.24   10.47      3.0 
2021  7 21 20 11 27   46.46   10.34    -24.0 
2021  7 21 20 12 10   46.22   10.39    -18.0 
2021  7 21 20 12 27   46.24   10.52     23.0 
2021  7 21 20 13  3   46.22   10.35    -12.0 
2021  7 21 20 13 33   46.19   10.39     -7.0 
2021  7 21 20 13 33   46.23   10.40      9.0 
2021  7 21 20 13 33   46.24   10.50      3.0 
2021  7 21 20 14  6   46.20   10.38     -5.0 
2021  7 21 20 14 15   46.44   10.32    -11.0 
2021  7 21 20 14 15   46.44   10.31    -16.0 
2021  7 21 20 14 15   46.45   10.32    -16.0 
2021  7 21 20 14 16   46.20   10.36     -1.0 
2021  7 21 20 14 33   46.27   10.42     -9.0 
2021  7 21 20 15  1   46.21   10.33     -8.0 
2021  7 21 20 15 13   46.23   10.36     -4.0 
2021  7 21 20 15 16   46.24   10.34     12.0 
2021  7 21 20 15 47   46.18   10.32     13.0 
2021  7 21 20 15 47   46.17   10.37     16.0 
2021  7 21 20 15 58   46.24   10.35      2.0 
2021  7 21 20 15 58   46.23   10.33    -17.0 
2021  7 21 20 15 58   46.22   10.33    -18.0 
2021  7 21 20 15 58   46.25   10.30    -19.0 
2021  7 21 20 16  7   46.18   10.33     -2.0 
2021  7 21 20 16 14   46.25   10.28      2.0 
2021  7 21 20 16 15   46.24   10.32      2.0 
2021  7 21 20 16 21   46.18   10.36    -14.0 
2021  7 21 20 16 22   46.18   10.41     -4.0 
2021  7 21 20 16 22   46.18   10.39    -13.0 
2021  7 21 20 16 24   46.21   10.52     20.0 
2021  7 21 20 16 25   46.20   10.53     30.0 
2021  7 21 20 16 33   46.19   10.35     -2.0 
2021  7 21 20 16 34   46.21   10.36     -4.0 
2021  7 21 20 16 56   46.20   10.36     -3.0 
2021  7 21 20 17 55   46.21   10.36     -7.0 
2021  7 21 20 18 11   46.20   10.34     -3.0 
2021  7 21 20 18 21   46.24   10.41     -1.0 
2021  7 21 20 18 41   46.19   10.37     -9.0 
2021  7 21 20 19 19   46.23   10.37     -1.0 
2021  7 21 20 19 40   46.15   10.35     -2.0 
2021  7 21 20 19 55   46.21   10.33    -14.0 
2021  7 21 20 19 55   46.23   10.34     -7.0 
2021  7 21 20 20 10   46.26   10.38     -7.0 
2021  7 21 20 20 10   46.27   10.39     -4.0 
2021  7 21 20 20 11   46.30   10.38     20.0 
2021  7 21 20 20 19   46.22   10.34     -2.0 
2021  7 21 20 20 46   46.23   10.37    -10.0 
2021  7 21 20 21  6   46.24   10.34     -2.0 
2021  7 21 20 21 16   46.19   10.41     -4.0 
2021  7 21 20 21 21   46.37   10.26    -13.0 
2021  7 21 20 21 33   46.19   10.36     -3.0 
2021  7 21 20 21 52   46.21   10.36     -3.0 
2021  7 21 20 22 11   46.23   10.36     -4.0 
2021  7 21 20 22 19   46.26   10.36     -4.0 
2021  7 21 20 23 24   46.24   10.38      2.0 
2021  7 21 20 23 52   46.19   10.41     -2.0 
2021  7 21 20 24 23   46.16   10.38     -4.0 
2021  7 21 20 24 45   46.22   10.35     -9.0 
2021  7 21 20 25 10   46.18   10.41     -2.0 
2021  7 21 20 25 10   46.18   10.38     -8.0 
2021  7 21 20 25 17   46.16   10.39     -3.0 
2021  7 21 20 26 12   46.18   10.38     -2.0 
2021  7 21 20 26 12   46.32   10.21    -10.0 
2021  7 21 20 26 13   46.30   10.21    -22.0 
2021  7 21 20 26 13   46.31   10.24     -5.0 
2021  7 21 20 26 13   46.30   10.19     -9.0 
2021  7 21 20 26 21   46.16   10.40     -4.0 
2021  7 21 20 26 51   46.16   10.36     -4.0 
2021  7 21 20 26 59   46.33   10.24      3.0 
2021  7 21 20 27  5   46.16   10.36    -12.0 
2021  7 21 20 27 49   46.32   10.22     -4.0 
2021  7 21 20 29 33   46.16   10.40     -3.0 
2021  7 21 20 29 57   46.17   10.40     -5.0 
2021  7 21 20 30 12   46.19   10.39     -2.0 
2021  7 21 20 30 45   46.18   10.38     -3.0 
2021  7 21 20 30 45   46.18   10.41     -3.0 
2021  7 21 20 30 45   46.20   10.36     -7.0 
2021  7 21 20 31  7   46.20   10.37    -11.0 
2021  7 21 20 31  7   46.18   10.43     -4.0 
2021  7 21 20 31 29   46.19   10.37     -4.0 
2021  7 21 20 31 38   46.21   10.36      3.0 
2021  7 21 20 31 43   46.18   10.38     -1.0 
2021  7 21 20 32 34   46.18   10.37     -9.0 
2021  7 21 20 32 54   46.18   10.39     -5.0 
2021  7 21 20 33 13   46.45   11.88     24.0 
2021  7 21 20 33 13   46.44   11.74    -73.0 
2021  7 21 20 33 25   46.18   10.41     -5.0 
2021  7 21 20 33 49   46.17   10.39     -6.0 
2021  7 21 20 34  6   46.19   10.42     -2.0 
2021  7 21 20 34 44   46.15   10.40     -9.0 
2021  7 21 20 34 48   46.14   10.40     -4.0 
2021  7 21 20 34 52   46.21   10.43     -3.0 
2021  7 21 20 34 52   46.18   10.37    -10.0 
2021  7 21 20 35 23   46.15   10.34     -1.0 
2021  7 21 20 35 26   46.18   10.38     -2.0 
2021  7 21 20 35 26   46.18   10.37      3.0 
2021  7 21 20 35 38   46.16   10.40     -4.0 
2021  7 21 20 35 54   46.16   10.38     -4.0 
2021  7 21 20 36  0   46.18   10.34     -9.0 
2021  7 21 20 36  0   46.21   10.40      3.0 
2021  7 21 20 36  6   46.18   10.40     -2.0 
2021  7 21 20 36  6   46.32   10.22    -15.0 
2021  7 21 20 36 34   46.19   10.47     -2.0 
2021  7 21 20 36 35   46.19   10.34    -13.0 
2021  7 21 20 36 51   46.18   10.38     -3.0 
2021  7 21 20 36 53   46.18   10.39     -2.0 
2021  7 21 20 36 57   46.17   10.39     -1.0 
2021  7 21 20 37  3   46.20   10.37     -7.0 
2021  7 21 20 37  3   46.17   10.44     -2.0 
2021  7 21 20 37 17   46.20   10.39     -8.0 
2021  7 21 20 37 17   46.19   10.39     -6.0 
2021  7 21 20 37 17   46.23   10.37     -2.0 
2021  7 21 20 37 24   46.19   10.37    -14.0 
2021  7 21 20 37 25   46.18   10.41     -1.0 
2021  7 21 20 37 33   46.19   10.39     -2.0 
2021  7 21 20 37 34   46.19   10.40     -8.0 
2021  7 21 20 37 45   46.40   11.84    -25.0 
2021  7 21 20 37 45   46.41   11.88     19.0 
2021  7 21 20 37 45   46.18   10.38    -15.0 
2021  7 21 20 37 56   46.19   10.39    -16.0 
2021  7 21 20 37 57   46.17   10.44     -3.0 
2021  7 21 20 38 11   46.17   10.38     -1.0 
2021  7 21 20 38 13   46.23   10.31     -2.0 
2021  7 21 20 38 13   46.20   10.35     -1.0 
2021  7 21 20 38 23   46.15   10.38    -22.0 
2021  7 21 20 38 23   46.18   10.40     -5.0 
2021  7 21 20 38 25   46.32   10.27    -34.0 
2021  7 21 20 38 25   46.31   10.25     -8.0 
2021  7 21 20 38 49   46.15   10.43     -3.0 
2021  7 21 20 38 49   46.18   10.40     10.0 
2021  7 21 20 38 49   46.19   10.43      8.0 
2021  7 21 20 38 49   46.19   10.43      3.0 
2021  7 21 20 39  7   46.42   11.86      6.0 
2021  7 21 20 39  7   46.38   11.86      3.0 
2021  7 21 20 39 17   46.17   10.37     10.0 
2021  7 21 20 39 17   46.24   10.36      6.0 
2021  7 21 20 39 38   46.18   10.38     -9.0 
2021  7 21 20 39 54   46.16   10.37     -3.0 
2021  7 21 20 40 11   46.16   10.34     -4.0 
2021  7 21 20 40 50   46.14   10.30    -13.0 
2021  7 21 20 40 50   46.24   10.41      9.0 
2021  7 21 20 40 57   46.42   11.85     -8.0 
2021  7 21 20 41 12   46.15   10.37     -5.0 
2021  7 21 20 41 12   46.16   10.30     -1.0 
2021  7 21 20 41 29   46.36   10.24    -41.0 
2021  7 21 20 41 29   46.38   10.24    -21.0 
2021  7 21 20 41 29   46.36   10.23    -18.0 
2021  7 21 20 41 29   46.38   10.23    -15.0 
2021  7 21 20 41 29   46.37   10.24    -12.0 
2021  7 21 20 41 29   46.35   10.22     -6.0 
2021  7 21 20 41 36   46.15   10.38      8.0 
2021  7 21 20 42  5   46.41   11.83     28.0 
2021  7 21 20 42  5   46.42   11.84     19.0 
2021  7 21 20 42  5   46.40   11.80     14.0 
2021  7 21 20 42 23   46.41   11.84    -15.0 
2021  7 21 20 42 23   46.41   11.86    -19.0 
2021  7 21 20 42 23   46.42   11.83     14.0 
2021  7 21 20 42 23   46.42   11.86    -23.0 
2021  7 21 20 42 52   46.12   10.37     -2.0 
2021  7 21 20 43  8   46.40   11.85    -91.0 
2021  7 21 20 43  8   46.42   11.83     98.0 
2021  7 21 20 43  8   46.38   11.75     -5.0 
2021  7 21 20 43 34   46.19   10.36     -4.0 
2021  7 21 20 43 51   46.40   11.81     18.0 
2021  7 21 20 44 10   46.16   10.36     -2.0 
2021  7 21 20 44 28   46.41   11.85    -55.0 
2021  7 21 20 44 28   46.42   11.84    -26.0 
2021  7 21 20 44 50   46.39   11.85      2.0 
2021  7 21 20 44 50   46.41   11.86      2.0 
2021  7 21 20 44 57   46.15   10.40     -3.0 
2021  7 21 20 45 19   46.14   10.39     -2.0 
2021  7 21 20 45 33   46.15   10.38     -5.0 
2021  7 21 20 45 41   46.44   11.77    -61.0 
2021  7 21 20 45 55   46.18   10.36     -2.0 
2021  7 21 20 45 55   46.14   10.33     -2.0 
2021  7 21 20 45 55   46.17   10.34     -3.0 
2021  7 21 20 45 56   46.16   10.37      6.0 
2021  7 21 20 46 17   46.13   10.35    -14.0 
2021  7 21 20 46 39   46.41   11.85    -45.0 
2021  7 21 20 46 39   46.38   11.81     -5.0 
2021  7 21 20 46 39   46.42   11.86      2.0 
2021  7 21 20 46 55   46.14   10.36    -39.0 
2021  7 21 20 46 55   46.12   10.16    -17.0 
2021  7 21 20 46 55   46.10   10.35     91.0 
2021  7 21 20 47 43   46.38   11.85    -52.0 
2021  7 21 20 47 43   46.36   11.86     14.0 
2021  7 21 20 47 43   46.41   11.84      1.0 
2021  7 21 20 48  9   46.14   10.34     -4.0 
2021  7 21 20 48 13   46.41   11.87    -14.0 
2021  7 21 20 48 13   46.43   11.88    -26.0 
2021  7 21 20 48 13   46.43   11.88    -25.0 
2021  7 21 20 48 13   46.42   11.90    -35.0 
2021  7 21 20 48 13   46.43   11.89    -13.0 
2021  7 21 20 48 13   46.44   11.87    -40.0 
2021  7 21 20 48 13   46.43   11.87    -41.0 
2021  7 21 20 48 13   46.44   11.87    -50.0 
2021  7 21 20 48 14   46.44   11.89    -27.0 
2021  7 21 20 48 14   46.43   11.86    -11.0 
2021  7 21 20 48 37   46.11   10.40     -7.0 
2021  7 21 20 48 55   46.16   10.38     -2.0 
2021  7 21 20 49 29   46.43   11.88     18.0 
2021  7 21 20 49 58   46.43   11.91    -17.0 
2021  7 21 20 49 58   46.42   11.91    -27.0 
2021  7 21 20 49 58   46.42   11.88     -8.0 
2021  7 21 20 50  7   46.14   10.33    -12.0 
2021  7 21 20 50 25   46.17   10.33     -4.0 
2021  7 21 20 50 45   46.14   10.31    -16.0 
2021  7 21 20 51 14   46.13   10.40     -7.0 
2021  7 21 20 51 14   46.14   10.39     -8.0 
2021  7 21 20 51 14   46.15   10.43     -1.0 
2021  7 21 20 51 25   46.13   10.36     -2.0 
2021  7 21 20 52 15   46.38   11.76     33.0 
2021  7 21 20 52 15   46.39   11.85      4.0 
2021  7 21 20 52 19   46.17   10.39     -2.0 
2021  7 21 20 52 20   46.14   10.35     -7.0 
2021  7 21 20 53  4   46.13   10.33    -11.0 
2021  7 21 20 53 16   46.12   10.35    -11.0 
2021  7 21 20 53 16   46.15   10.35     -2.0 
2021  7 21 20 53 28   46.17   10.38     -4.0 
2021  7 21 20 53 28   46.18   10.33     -2.0 
2021  7 21 20 53 53   46.37   11.77    -21.0 
2021  7 21 20 53 53   46.41   11.85      3.0 
2021  7 21 20 53 53   46.15   10.37     -3.0 
2021  7 21 20 53 53   46.45   11.75   -120.0 
2021  7 21 20 53 53   46.44   11.76    -15.0 
2021  7 21 20 53 53   46.44   11.85     -4.0 
2021  7 21 20 54 11   46.10   10.37     -5.0 
2021  7 21 20 54 25   46.15   10.33      2.0 
2021  7 21 20 54 40   46.40   11.84    -92.0 
2021  7 21 20 54 40   46.43   11.83     -9.0 
2021  7 21 20 54 40   46.40   11.84    -14.0 
2021  7 21 20 54 40   46.39   11.83    -45.0 
2021  7 21 20 54 40   46.39   11.84    -26.0 
2021  7 21 20 54 41   46.14   10.33    -18.0 
2021  7 21 20 54 51   46.14   10.38     -7.0 
2021  7 21 20 55  7   46.43   11.86     16.0 
2021  7 21 20 55  7   46.39   11.89      2.0 
2021  7 21 20 55  7   46.44   11.93      8.0 
2021  7 21 20 55  9   46.13   10.33    -12.0 
2021  7 21 20 55 24   46.11   10.34     -9.0 
2021  7 21 20 55 37   46.39   11.85    -42.0 
2021  7 21 20 55 37   46.41   11.83    -21.0 
2021  7 21 20 55 37   46.40   11.82    -13.0 
2021  7 21 20 55 42   46.13   10.34    -15.0 
2021  7 21 20 55 42   46.08   10.29     -7.0 
2021  7 21 20 55 42   46.08   10.34     -5.0 
2021  7 21 20 55 55   46.16   10.34      2.0 
2021  7 21 20 56  3   46.12   10.32    -14.0 
2021  7 21 20 56 24   46.36    9.11     65.0 
2021  7 21 20 56 28   46.12   10.36     -3.0 
2021  7 21 20 56 54   46.33   11.84    -33.0 
2021  7 21 20 56 54   46.41   11.91    -25.0 
2021  7 21 20 57  1   46.12   10.34     -2.0 
2021  7 21 20 57 15   46.14   10.36     -3.0 
2021  7 21 20 57 15   46.13   10.34      7.0 
2021  7 21 20 57 15   46.14   10.36     -7.0 
2021  7 21 20 57 32   46.13   10.36    -15.0 
2021  7 21 20 57 49   46.38   11.84   -161.0 
2021  7 21 20 57 49   46.41   11.84    -35.0 
2021  7 21 20 57 49   46.40   11.83    -18.0 
2021  7 21 20 57 49   46.37   11.85    -35.0 
2021  7 21 20 57 49   46.40   11.86     25.0 
2021  7 21 20 57 49   46.41   11.87    -13.0 
2021  7 21 20 57 49   46.39   11.81    -35.0 
2021  7 21 20 57 49   46.40   11.86    -33.0 
2021  7 21 20 57 50   46.11   10.41      4.0 
2021  7 21 20 57 50   46.16   10.35     -3.0 
2021  7 21 20 57 50   46.15   10.36     -8.0 
2021  7 21 20 58  0   46.15   10.37     -3.0 
2021  7 21 20 58 17   46.11   10.35     -8.0 
2021  7 21 20 58 37   46.18   10.37      3.0 
2021  7 21 20 58 52   46.12   10.41     -2.0 
2021  7 21 20 59 27   46.12   10.30     24.0 
2021  7 21 20 59 39   46.11   10.36    -16.0 
2021  7 21 20 59 57   46.10   10.27     -5.0 
2021  7 21 20 59 58   46.13   10.33     -4.0 
2021  7 21 21  0 11   46.13   10.31     -2.0 
2021  7 21 21  0 11   46.11   10.30     -2.0 
2021  7 21 21  0 35   46.41   11.91     49.0 
2021  7 21 21  1 59   46.13   10.34     -9.0 
2021  7 21 21  3 25   46.11   10.31     -9.0 
2021  7 21 21  3 55   46.43   11.85   -131.0 
2021  7 21 21  3 55   46.40   11.83     30.0 
2021  7 21 21  3 55   46.44   11.89     -6.0 
2021  7 21 21  4  2   46.11   10.37     -3.0 
2021  7 21 21  4  4   46.16   10.33     -5.0 
2021  7 21 21  4 21   46.12   10.27     36.0 
2021  7 21 21  4 44   46.12   10.39      4.0 
2021  7 21 21  4 52   46.14   10.33     -4.0 
2021  7 21 21  4 52   46.16   10.36     -5.0 
2021  7 21 21  4 54   46.40    9.24     34.0 
2021  7 21 21  4 54   46.40    9.27      8.0 
2021  7 21 21  5 51   46.13   10.33     -4.0 
2021  7 21 21  5 51   46.15   10.31    -12.0 
2021  7 21 21  6 23   46.10   10.35    -15.0 
2021  7 21 21  6 30   46.10   10.33     -9.0 
2021  7 21 21  6 51   46.43   11.86   -148.0 
2021  7 21 21  6 51   46.42   11.85    -15.0 
2021  7 21 21  7  8   46.07   10.34     -1.0 
2021  7 21 21  7  9   46.10   10.34     -5.0 
2021  7 21 21  7 18   46.12   10.34     -2.0 
2021  7 21 21  7 51   46.14   10.31    -12.0 
2021  7 21 21  7 51   46.17   10.35     -3.0 
2021  7 21 21  7 51   46.13   10.43     -9.0 
2021  7 21 21  8 34   46.08   10.31    -10.0 
2021  7 21 21  8 34   46.13   10.37     -6.0 
2021  7 21 21  8 49   46.12   10.37     -4.0 
2021  7 21 21  9 33   46.17   10.37     -3.0 
2021  7 21 21 10 38   46.15   10.39     13.0 
2021  7 21 21 10 49   46.10   10.37     -3.0 
2021  7 21 21 12 36   46.14   10.31     -4.0 
2021  7 21 21 13 59   46.46   11.90    -70.0 
2021  7 21 21 13 59   46.46   11.92    -50.0 
2021  7 21 21 15  5   46.13   10.40    -10.0 
2021  7 21 21 15  9   46.24    9.56     21.0 
2021  7 21 21 15 40   46.08   10.36    -15.0 
2021  7 21 21 15 40   46.08   10.36     -2.0 
2021  7 21 21 15 40   46.10   10.38      2.0 
2021  7 21 21 15 40   46.10   10.37     -7.0 
2021  7 21 22  6 21   46.09   10.10     91.0 
2021  7 21 22 12 56   46.11   10.06     25.0 
2021  7 21 22 21 55   46.10    9.99     40.0 
2021  7 21 22 25  4   46.08   10.06     35.0 
2021  7 21 23 13 15   46.23    9.55     10.0 
2021  7 21 23 13 15   46.21    9.53     -5.0 
2021  7 21 23 13 15   46.21    9.53     -8.0 
2021  7 21 23 14 31   46.23    9.48      6.0 
2021  7 21 23 25  3   46.00    7.96      7.0 
2021  7 21 23 26  3   46.17   11.06    -15.0 
2021  7 21 23 26  3   46.14   11.09     -6.0 
2021  7 21 23 26  6   46.15   11.06     -8.0 
2021  7 21 23 26  6   46.14   11.01     -8.0 
2021  7 21 23 26 34   46.16   11.08      2.0 
2021  7 21 23 26 34   46.14   11.10     -4.0 
2021  7 21 23 26 34   46.11   11.05    -20.0 
2021  7 21 23 26 34   46.13   11.09      5.0 
2021  7 21 23 27 46   46.12   11.00    -13.0 
2021  7 21 23 27 46   46.13   11.03    -15.0 
2021  7 21 23 28 15   46.15   11.06     -7.0 
2021  7 21 23 28 36   46.11   11.10    -11.0 
2021  7 21 23 28 36   46.14   11.09     -5.0 
2021  7 21 23 28 36   46.14   11.07     -2.0 
2021  7 21 23 28 40   46.14   11.01      6.0 
2021  7 21 23 28 48   46.13   11.12     -2.0 
2021  7 21 23 29  4   46.12   11.10     -9.0 
2021  7 21 23 29 31   46.15   11.07     -8.0 
2021  7 21 23 29 34   46.15   11.13     -2.0 
2021  7 21 23 29 35   46.11   11.10     -2.0 
2021  7 21 23 29 42   46.17   11.05     -8.0 
2021  7 21 23 30  1   46.13   11.08      3.0 
2021  7 21 23 30  5   46.15   11.10      3.0 
2021  7 21 23 30 17   46.12   11.08      3.0 
2021  7 21 23 30 43   46.15   11.07     -3.0 
2021  7 21 23 31  2   46.10   11.10     -7.0 
2021  7 21 23 31  6   46.14   11.04      3.0 
2021  7 21 23 31  6   46.17   11.12     -7.0 
2021  7 21 23 32 32   46.13   11.03     -4.0 
2021  7 21 23 33 10   46.17    8.17    -35.0 
2021  7 21 23 34  2   46.12   11.07      9.0 
2021  7 21 23 34  2   46.15   11.07      5.0 
2021  7 21 23 38 15   46.14   11.07     -9.0 
2021  7 21 23 38 18   46.13   11.07     -5.0 
2021  7 21 23 38 18   46.12   11.03     11.0 
2021  7 21 23 38 55   46.13   11.05     -7.0 
2021  7 21 23 38 55   46.14   11.07     -3.0 
2021  7 21 23 39  3   46.13   11.11     -5.0 
2021  7 21 23 39 23   46.13   11.10    -11.0 
2021  7 21 23 39 23   46.12   11.08     -2.0 
2021  7 21 23 40 20   46.13   11.11    -12.0 
2021  7 21 23 40 42   46.12   11.05     14.0 
2021  7 21 23 41  4   46.15   11.11     -7.0 
2021  7 21 23 41  4   46.16   11.09     -3.0 
2021  7 21 23 41 18   46.17   11.08     -9.0 
2021  7 21 23 41 59   46.67   11.08    -10.0 
2021  7 21 23 43 29   46.12   11.11     -3.0 
2021  7 21 23 44 17   46.16   11.11     -8.0 
2021  7 21 23 44 25   46.16   11.10     -6.0 
2021  7 21 23 47 38   46.07   11.02     49.0 
2021  7 21 23 49 48   46.12    8.15     27.0 
2021  7 21 23 54  6   46.23    9.45    -20.0 
2021  7 21 23 54 54   46.21    9.43      2.0 
2021  7 21 23 55 45   46.28    8.40    -20.0 
2021  7 21 23 56 11   46.06   11.15    -39.0 
2021  7 21 23 56 11   46.08   11.14    -12.0 
2021  7 21 23 57 45   46.08   11.12     16.0 
2021  7 21 23 57 45   46.11   11.15     14.0 
2021  7 21 23 57 55   46.24   11.27    -11.0 
2021  7 21 23 58  9   46.08   11.13     36.0 
2021  7 21 23 58 35   46.12   11.17     17.0 
2021  7 21 23 59  0   46.10   11.17     13.0 
2021  7 21 23 59  0   46.12   11.17      2.0 
2021  7 21 23 59 48   46.12   11.15      3.0 
