2021  7  6  1 27  5   47.05    4.04    -17.0 
2021  7  6  1 27  5   47.07    4.05    -18.0 
2021  7  6  1 35  0   46.69    4.45      8.0 
2021  7  6  1 36 12   46.71    4.44     -5.0 
2021  7  6  1 40 49   48.98    4.42      9.0 
2021  7  6  1 40 49   48.98    4.42     75.0 
2021  7  6  1 45 54   46.06    4.17     -9.0 
2021  7  6  2  1  8   47.45    4.67     -6.0 
2021  7  6  2  1  9   47.46    4.67    -17.0 
2021  7  6  2  3 32   47.48    4.40     12.0 
2021  7  6  2  3 32   47.47    4.36      6.0 
2021  7  6  2  3 32   47.45    4.38     22.0 
2021  7  6  2 11 17   46.30    4.64    -12.0 
2021  7  6  2 13 57   47.58    4.65     20.0 
2021  7  6  2 22  6   48.87    4.03    -11.0 
2021  7  6  2 23 32   48.90    4.07    -22.0 
2021  7  6  2 23 33   48.91    4.07    -18.0 
2021  7  6  2 23 33   48.91    4.05    -20.0 
2021  7  6  2 24 38   48.90    4.02     -7.0 
2021  7  6  2 27  7   48.88    4.09     29.0 
2021  7  6  2 34 36   47.73    5.13    -29.0 
2021  7  6  2 34 36   47.72    5.16    -18.0 
2021  7  6  2 40 36   46.00    4.33     70.0 
2021  7  6  2 48 53   46.01    4.33      3.0 
2021  7  6  2 48 53   46.02    4.33      7.0 
2021  7  6  2 50 17   46.05    4.59    -12.0 
2021  7  6  2 50 17   46.11    4.56    -11.0 
2021  7  6  2 50 19   47.89    5.38     23.0 
2021  7  6  2 51 18   47.93    5.44     -6.0 
2021  7  6  2 51 20   47.89    5.44     29.0 
2021  7  6  2 51 42   48.00    5.03     28.0 
2021  7  6  2 51 43   48.00    5.04     -6.0 
2021  7  6  2 52 57   46.01    4.37     -9.0 
2021  7  6  2 52 57   46.01    4.38     -9.0 
2021  7  6  2 52 57   46.09    4.47     -8.0 
2021  7  6  2 52 57   46.07    4.47     -8.0 
2021  7  6  2 52 58   46.09    4.47     -9.0 
2021  7  6  2 53 37   47.89    5.43     -9.0 
2021  7  6  2 53 53   46.00    4.41      8.0 
2021  7  6  2 54 10   47.94    5.52    -12.0 
2021  7  6  2 54 11   47.94    5.48    -14.0 
2021  7  6  2 54 45   47.93    5.45      4.0 
2021  7  6  2 55 27   46.04    4.45    -18.0 
2021  7  6  2 55 28   46.09    4.45    -17.0 
2021  7  6  2 55 43   47.93    5.52    -13.0 
2021  7  6  2 55 43   47.92    5.55    -17.0 
2021  7  6  2 57  0   48.01    5.61     -7.0 
2021  7  6  2 57  0   47.91    5.45      2.0 
2021  7  6  3  0 10   47.99    5.56    -11.0 
2021  7  6  3  0 11   48.00    5.56    -18.0 
2021  7  6  3  0 28   46.11    4.51      8.0 
2021  7  6  3  0 44   47.97    5.57    -64.0 
2021  7  6  3  0 44   47.99    5.56      2.0 
2021  7  6  3  0 44   47.97    5.55     -4.0 
2021  7  6  3  0 44   47.96    5.52    -35.0 
2021  7  6  3  0 44   47.97    5.55    -39.0 
2021  7  6  3  1 11   47.96    5.57     11.0 
2021  7  6  3  1 11   48.01    5.55      7.0 
2021  7  6  3  1 47   47.99    5.58    -25.0 
2021  7  6  3  1 47   47.98    5.57    -34.0 
2021  7  6  3  1 47   48.00    5.57    -36.0 
2021  7  6  3  2 26   47.97    5.57     15.0 
2021  7  6  3  2 26   48.00    5.59      6.0 
2021  7  6  3  2 26   47.99    5.62     -3.0 
2021  7  6  3  3 34   47.98    5.60     51.0 
2021  7  6  3  3 35   47.96    5.51      8.0 
2021  7  6  3  3 41   46.12    4.50     19.0 
2021  7  6  3  4 31   48.02    5.58      9.0 
2021  7  6  3  4 31   48.02    5.60      7.0 
2021  7  6  3  5 54   48.03    5.61    -96.0 
2021  7  6  3  5 55   48.03    5.58    -33.0 
2021  7  6  3  5 55   48.03    5.61    -13.0 
2021  7  6  3  5 55   48.04    5.53     12.0 
2021  7  6  3  5 55   47.97    5.53     -2.0 
2021  7  6  3  6 50   48.04    5.56     10.0 
2021  7  6  3  7 43   48.03    5.61      8.0 
2021  7  6  3  7 43   48.04    5.57     -3.0 
2021  7  6  3  8 36   48.06    5.63      7.0 
2021  7  6  3  8 37   48.05    5.61     20.0 
2021  7  6  3  8 44   48.08    5.40    -25.0 
2021  7  6  3  8 44   48.07    5.41    -11.0 
2021  7  6  3  8 44   48.07    5.41    -16.0 
2021  7  6  3  9 21   46.22    4.75     18.0 
2021  7  6  3 10 25   48.09    5.58    -64.0 
2021  7  6  3 11  4   46.20    4.79    -28.0 
2021  7  6  3 11  4   46.19    4.70     10.0 
2021  7  6  3 11  4   46.20    4.78    -13.0 
2021  7  6  3 11  4   46.19    4.77    -51.0 
2021  7  6  3 11  4   46.21    4.77    -22.0 
2021  7  6  3 11  4   46.21    4.77    -15.0 
2021  7  6  3 12  6   46.23    4.79     14.0 
2021  7  6  3 12  6   46.24    4.79      2.0 
2021  7  6  3 12  8   48.15    5.70    -24.0 
2021  7  6  3 12  8   48.04    5.60    -11.0 
2021  7  6  3 12 58   48.10    5.68    -52.0 
2021  7  6  3 12 58   48.10    5.68    -17.0 
2021  7  6  3 13 46   48.11    5.70    -61.0 
2021  7  6  3 13 46   48.12    5.70     -4.0 
2021  7  6  3 13 46   48.10    5.69    -25.0 
2021  7  6  3 13 46   48.10    5.66    -15.0 
2021  7  6  3 13 49   46.25    4.80     10.0 
2021  7  6  3 14 14   48.09    5.67     28.0 
2021  7  6  3 14 14   48.11    5.67      8.0 
2021  7  6  3 14 14   48.11    5.73      2.0 
2021  7  6  3 14 58   48.11    5.67    -21.0 
2021  7  6  3 14 58   48.13    5.72      2.0 
2021  7  6  3 15 16   46.26    4.81     11.0 
2021  7  6  3 15 35   48.15    5.74     -9.0 
2021  7  6  3 16 26   48.12    5.65    -49.0 
2021  7  6  3 16 26   48.13    5.69      6.0 
2021  7  6  3 16 27   48.10    5.64      1.0 
2021  7  6  3 16 42   46.22    4.82     15.0 
2021  7  6  3 16 42   46.23    4.79     14.0 
2021  7  6  3 16 42   46.20    4.77     -2.0 
2021  7  6  3 17 17   48.16    5.70     64.0 
2021  7  6  3 17 17   48.16    5.72     10.0 
2021  7  6  3 17 17   48.17    5.73      3.0 
2021  7  6  3 17 54   46.24    4.80    -13.0 
2021  7  6  3 17 54   46.20    4.82    -10.0 
2021  7  6  3 18 15   48.17    5.69     46.0 
2021  7  6  3 18 15   48.15    5.73     11.0 
2021  7  6  3 18 15   48.15    5.69      9.0 
2021  7  6  3 18 55   46.24    4.79    -22.0 
2021  7  6  3 18 55   46.25    4.80    -20.0 
2021  7  6  3 18 55   46.26    4.79     -4.0 
2021  7  6  3 18 55   46.24    4.80    -14.0 
2021  7  6  3 18 55   46.29    4.83     -3.0 
2021  7  6  3 18 55   46.25    4.80     -4.0 
2021  7  6  3 18 55   46.25    4.81      7.0 
2021  7  6  3 19 12   48.14    5.66    -16.0 
2021  7  6  3 19 12   48.16    5.72    -30.0 
2021  7  6  3 19 12   48.17    5.73     47.0 
2021  7  6  3 20 39   46.24    4.79    -10.0 
2021  7  6  3 20 55   48.19    5.71     54.0 
2021  7  6  3 21 48   46.24    4.80     17.0 
2021  7  6  3 22  7   46.38    4.97    -29.0 
2021  7  6  3 22 25   48.21    5.71      6.0 
2021  7  6  3 23 27   46.26    4.83     20.0 
2021  7  6  3 23 48   48.18    5.72     28.0 
2021  7  6  3 23 48   48.19    5.72     19.0 
2021  7  6  3 23 48   48.20    5.77      6.0 
2021  7  6  3 23 48   48.21    5.77      7.0 
2021  7  6  3 23 48   48.27    5.61    -22.0 
2021  7  6  3 24 19   46.33    4.81     26.0 
2021  7  6  3 24 19   46.32    4.81      9.0 
2021  7  6  3 26 18   46.30    4.88      2.0 
2021  7  6  3 26 18   46.31    4.85     11.0 
2021  7  6  3 28 18   46.33    4.82     15.0 
2021  7  6  3 30 12   48.28    5.85     83.0 
2021  7  6  3 30 12   48.29    5.70    -35.0 
2021  7  6  3 30 12   48.29    5.70    -11.0 
2021  7  6  3 31 43   48.23    6.03     26.0 
2021  7  6  3 31 43   48.28    5.75    -58.0 
2021  7  6  3 33 35   46.50    5.08     34.0 
2021  7  6  3 33 35   46.50    5.07     13.0 
2021  7  6  3 33 35   46.49    5.05     84.0 
2021  7  6  3 33 40   48.26    6.01    -41.0 
2021  7  6  3 33 40   48.26    5.96     11.0 
2021  7  6  3 35 29   48.39    6.00    -40.0 
2021  7  6  3 35 29   48.39    6.00    -19.0 
2021  7  6  3 37 13   48.30    6.09    126.0 
2021  7  6  3 37 13   48.30    6.10     13.0 
2021  7  6  3 38 22   48.30    6.07     15.0 
2021  7  6  3 39 46   48.34    5.89    -34.0 
2021  7  6  3 39 46   48.35    5.89     -9.0 
2021  7  6  3 39 46   48.34    5.89    -11.0 
2021  7  6  3 39 46   48.38    5.77    -15.0 
2021  7  6  3 42 49   48.41    5.81    -28.0 
2021  7  6  3 42 49   48.42    5.89     27.0 
2021  7  6  3 42 50   48.41    5.88    -15.0 
2021  7  6  3 42 50   48.38    6.11    -22.0 
2021  7  6  3 42 50   48.37    6.11    -18.0 
2021  7  6  3 43  2   46.00    4.89     18.0 
2021  7  6  3 44  5   46.61    5.15     24.0 
2021  7  6  3 44 27   48.42    5.78     45.0 
2021  7  6  3 44 27   48.43    5.80     -3.0 
2021  7  6  3 44 27   48.45    5.76     36.0 
2021  7  6  3 45 48   46.41    5.01     10.0 
2021  7  6  3 45 48   46.42    5.01     -8.0 
2021  7  6  3 46 14   48.44    5.81      4.0 
2021  7  6  3 46 14   48.41    5.91     23.0 
2021  7  6  3 46 15   48.44    6.06    -29.0 
2021  7  6  3 47 49   48.46    5.85     33.0 
2021  7  6  3 49  2   48.53    5.81     38.0 
2021  7  6  3 49 41   48.51    6.40     29.0 
2021  7  6  3 51 27   46.36    5.06    -36.0 
2021  7  6  3 52 16   48.50    5.99     44.0 
2021  7  6  3 54 41   46.51    5.11     37.0 
2021  7  6  3 54 42   46.64    5.16     -9.0 
2021  7  6  3 54 42   46.66    5.17     -7.0 
2021  7  6  3 54 42   46.64    5.24    -33.0 
2021  7  6  3 54 42   46.65    5.24    -15.0 
2021  7  6  3 56 50   46.60    5.48     -3.0 
2021  7  6  3 56 50   46.59    5.46     73.0 
2021  7  6  3 56 50   46.61    5.44      6.0 
2021  7  6  4  1  7   46.05    5.03    -18.0 
2021  7  6  4  1  7   46.07    5.00    -18.0 
2021  7  6  4  1 39   48.58    6.26     22.0 
2021  7  6  4  1 39   48.58    6.26    -25.0 
2021  7  6  4  5 38   48.65    6.07      3.0 
2021  7  6  4  5 38   48.65    6.10    -21.0 
2021  7  6  4  5 38   48.66    6.11    -10.0 
2021  7  6  4  5 38   48.65    6.15    -12.0 
2021  7  6  4  5 38   48.67    6.10    -13.0 
2021  7  6  4  5 38   48.66    6.10     -9.0 
2021  7  6  4  5 38   48.66    6.10    -19.0 
2021  7  6  4  5 38   48.67    6.09     -7.0 
2021  7  6  4  5 38   48.66    6.11    -20.0 
2021  7  6  4  5 38   48.67    6.10     -9.0 
2021  7  6  4  6 30   46.80    5.67    -28.0 
2021  7  6  4  7  8   48.68    6.16      8.0 
2021  7  6  4  7  8   48.68    6.17      3.0 
2021  7  6  4  7  8   48.71    6.19     18.0 
2021  7  6  4  7  8   48.70    6.20     38.0 
2021  7  6  4  9 56   48.63    6.27     44.0 
2021  7  6  4  9 56   48.66    6.19      7.0 
2021  7  6  4  9 56   48.64    6.26    -31.0 
2021  7  6  4  9 56   48.65    6.26    -13.0 
2021  7  6  4  9 59   46.67    5.52     32.0 
2021  7  6  4 11 16   46.70    5.64    -14.0 
2021  7  6  4 12 21   48.64    6.26     10.0 
2021  7  6  4 14 28   48.69    6.48     32.0 
2021  7  6  4 20  2   46.04    4.74     16.0 
2021  7  6  4 22  4   46.11    4.69    -30.0 
2021  7  6  4 24 51   48.79    6.47     46.0 
2021  7  6  4 26 42   46.11    4.81     67.0 
2021  7  6  4 26 42   46.09    4.78      7.0 
2021  7  6  4 27 29   46.91    5.78    -44.0 
2021  7  6  4 30 40   48.80    6.88    -44.0 
2021  7  6  4 31  7   46.09    5.20     11.0 
2021  7  6  4 31 39   46.12    5.21      3.0 
2021  7  6  4 31 39   46.12    5.20      2.0 
2021  7  6  4 31 39   46.12    5.19      5.0 
2021  7  6  4 31 54   46.12    5.22     -2.0 
2021  7  6  4 31 55   46.09    5.19     -4.0 
2021  7  6  4 32  5   46.10    5.21     23.0 
2021  7  6  4 32 32   46.11    5.23      6.0 
2021  7  6  4 32 32   46.14    5.22      2.0 
2021  7  6  4 33 31   46.13    5.22     43.0 
2021  7  6  4 33 31   46.12    5.21    -13.0 
2021  7  6  4 33 46   48.89    6.50      2.0 
2021  7  6  4 33 46   48.93    6.47     51.0 
2021  7  6  4 33 47   48.93    6.50     -5.0 
2021  7  6  4 33 47   48.92    6.47    -14.0 
2021  7  6  4 33 47   48.92    6.46     -7.0 
2021  7  6  4 33 47   48.93    6.46    -13.0 
2021  7  6  4 33 47   48.93    6.47    -14.0 
2021  7  6  4 33 47   48.93    6.47    -12.0 
2021  7  6  4 33 47   48.93    6.48     -2.0 
2021  7  6  4 33 47   48.93    6.46    -10.0 
2021  7  6  4 34 13   46.15    5.20    -14.0 
2021  7  6  4 34 22   46.82    5.88     50.0 
2021  7  6  4 37  8   51.14    5.44    -42.0 
2021  7  6  4 37  8   51.15    5.42    -13.0 
2021  7  6  4 37  8   51.14    5.42    -13.0 
2021  7  6  4 37  8   51.13    5.44     -3.0 
2021  7  6  4 38 50   47.82    4.64    -26.0 
2021  7  6  4 42 49   48.94    6.96    -15.0 
2021  7  6  4 42 49   48.94    6.97    -45.0 
2021  7  6  4 42 49   48.95    6.96     -3.0 
2021  7  6  4 42 49   48.95    6.98    -21.0 
2021  7  6  4 42 49   48.95    6.97    -22.0 
2021  7  6  4 44 50   48.95    7.02      2.0 
2021  7  6  4 45  8   49.04    6.64     34.0 
2021  7  6  4 45  9   49.04    6.67    -24.0 
2021  7  6  4 45 19   52.07    5.83     11.0 
2021  7  6  4 45 19   52.08    5.83     -5.0 
2021  7  6  4 45 19   52.09    5.86    -28.0 
2021  7  6  4 45 19   52.08    5.85    -33.0 
2021  7  6  4 47  9   47.58    4.52    -13.0 
2021  7  6  4 47  9   47.58    4.52     -9.0 
2021  7  6  4 47  9   47.58    4.52    -12.0 
2021  7  6  4 47  9   47.58    4.52    -22.0 
2021  7  6  4 48 32   46.10    4.98    -13.0 
2021  7  6  4 48 37   52.10    5.83     88.0 
2021  7  6  4 48 37   52.08    5.84      2.0 
2021  7  6  4 50 31   46.50    5.74    -74.0 
2021  7  6  4 50 31   46.52    5.74    -18.0 
2021  7  6  4 52 13   52.11    5.83     15.0 
2021  7  6  4 52 57   46.12    5.03    -26.0 
2021  7  6  4 53 47   46.54    5.80      9.0 
2021  7  6  4 54 13   49.01    7.12     46.0 
2021  7  6  4 55  5   46.29    5.36    -11.0 
2021  7  6  4 55 11   46.28    5.41      9.0 
2021  7  6  4 56  9   46.30    5.39    -10.0 
2021  7  6  4 56  9   46.30    5.38    -17.0 
2021  7  6  4 56  9   46.30    5.38    -13.0 
2021  7  6  4 56  9   46.30    5.40      2.0 
2021  7  6  4 56  9   46.30    5.39    -22.0 
2021  7  6  4 56 37   46.31    5.43      6.0 
2021  7  6  4 56 58   46.30    5.43      3.0 
2021  7  6  4 57 11   46.29    5.38     -2.0 
2021  7  6  4 57 11   46.33    5.44      5.0 
2021  7  6  4 57 12   46.33    5.44    -41.0 
2021  7  6  4 57 12   46.33    5.44    -22.0 
2021  7  6  4 57 12   46.33    5.44    -13.0 
2021  7  6  4 57 34   46.29    5.45      2.0 
2021  7  6  4 57 54   46.32    5.42      7.0 
2021  7  6  4 57 54   46.32    5.43      6.0 
2021  7  6  4 59 13   46.29    5.38     -2.0 
2021  7  6  4 59 23   46.34    5.46     12.0 
2021  7  6  4 59 24   46.33    5.43      2.0 
2021  7  6  4 59 36   49.07    7.26     -8.0 
2021  7  6  4 59 36   49.07    7.26    -10.0 
2021  7  6  4 59 36   49.07    7.23    -22.0 
2021  7  6  4 59 36   49.08    7.23    -20.0 
2021  7  6  5  0 13   48.02    5.10    -12.0 
2021  7  6  5  1 38   48.44    5.31      8.0 
2021  7  6  5  2 22   46.01    4.91    -18.0 
2021  7  6  5  2 22   46.02    4.90     -9.0 
2021  7  6  5  2 22   46.04    4.94      8.0 
2021  7  6  5  2 24   48.00    5.06    -28.0 
2021  7  6  5  3 45   46.36    5.47     43.0 
2021  7  6  5  3 45   46.32    5.47     -5.0 
2021  7  6  5  3 45   46.34    5.44      7.0 
2021  7  6  5  4 30   46.10    5.16     11.0 
2021  7  6  5  4 30   46.08    5.15      2.0 
2021  7  6  5  6 32   46.41    5.49     18.0 
2021  7  6  5  7 23   46.37    5.50     -3.0 
2021  7  6  5  7 33   48.54    5.37     35.0 
2021  7  6  5  8  7   47.34    4.11    -13.0 
2021  7  6  5  8  7   47.34    4.12    -17.0 
2021  7  6  5  9  3   47.58    4.63    -12.0 
2021  7  6  5  9 23   49.48    7.18     26.0 
2021  7  6  5  9 41   52.32    6.08     24.0 
2021  7  6  5  9 54   46.25    5.29     72.0 
2021  7  6  5  9 54   46.25    5.29     -2.0 
2021  7  6  5  9 57   48.14    5.15     -8.0 
2021  7  6  5 10 23   46.12    5.21     29.0 
2021  7  6  5 10 23   46.12    5.25     -9.0 
2021  7  6  5 10 33   49.22    7.21     -9.0 
2021  7  6  5 12 43   49.20    7.43     -8.0 
2021  7  6  5 13 33   48.21    5.20     29.0 
2021  7  6  5 13 40   49.20    7.42    -28.0 
2021  7  6  5 13 40   49.19    7.43    -13.0 
2021  7  6  5 13 40   49.19    7.41     -7.0 
2021  7  6  5 15 35   49.21    7.51    -42.0 
2021  7  6  5 15 35   49.21    7.51     -1.0 
2021  7  6  5 15 35   49.20    7.53     -3.0 
2021  7  6  5 15 35   49.26    7.52     -3.0 
2021  7  6  5 15 35   49.21    7.59      2.0 
2021  7  6  5 15 36   49.26    7.52    -14.0 
2021  7  6  5 15 36   49.25    7.52     -8.0 
2021  7  6  5 16 23   49.19    7.40     12.0 
2021  7  6  5 16 23   49.22    7.55     -1.0 
2021  7  6  5 16 57   46.36    5.44    -34.0 
2021  7  6  5 16 57   46.35    5.44    -12.0 
2021  7  6  5 17 24   49.23    7.51     28.0 
2021  7  6  5 17 25   52.39    6.21     16.0 
2021  7  6  5 17 25   52.37    6.17    -17.0 
2021  7  6  5 17 25   52.38    6.20     -3.0 
2021  7  6  5 18  4   49.21    7.57      2.0 
2021  7  6  5 19 35   49.25    7.52    -76.0 
2021  7  6  5 19 35   49.25    7.50    -10.0 
2021  7  6  5 19 35   49.25    7.54    -22.0 
2021  7  6  5 19 46   46.55    5.96    -76.0 
2021  7  6  5 19 46   46.56    5.96    -22.0 
2021  7  6  5 19 46   46.56    5.95     -8.0 
2021  7  6  5 19 49   46.39    5.46     -2.0 
2021  7  6  5 19 49   46.41    5.47     -7.0 
2021  7  6  5 19 51   49.30    7.28    -20.0 
2021  7  6  5 19 51   49.30    7.29     -9.0 
2021  7  6  5 20  9   49.26    7.52    -52.0 
2021  7  6  5 20  9   49.23    7.55     -3.0 
2021  7  6  5 20  9   49.25    7.53     -8.0 
2021  7  6  5 20 10   49.23    7.52      7.0 
2021  7  6  5 20 10   49.25    7.52    -27.0 
2021  7  6  5 20 49   52.41    6.22   -105.0 
2021  7  6  5 20 49   52.42    6.22    -28.0 
2021  7  6  5 20 49   52.39    6.25    -11.0 
2021  7  6  5 20 49   52.41    6.23    -12.0 
2021  7  6  5 21  0   49.31    7.28    -19.0 
2021  7  6  5 21  0   49.31    7.27    -14.0 
2021  7  6  5 21 53   46.19    5.37    -11.0 
2021  7  6  5 23 11   46.51    5.71     19.0 
2021  7  6  5 23 11   46.50    5.69      5.0 
2021  7  6  5 23 55   49.27    7.68    -10.0 
2021  7  6  5 23 55   49.26    7.66    -12.0 
2021  7  6  5 23 55   49.28    7.72     -6.0 
2021  7  6  5 24 24   52.39    6.20    -17.0 
2021  7  6  5 25  1   46.44    5.53     12.0 
2021  7  6  5 26  4   49.36    7.26     90.0 
2021  7  6  5 26  4   49.39    7.32     18.0 
2021  7  6  5 26 38   46.53    5.66     -6.0 
2021  7  6  5 26 38   46.53    5.66     -4.0 
2021  7  6  5 26 56   46.19    5.55     -7.0 
2021  7  6  5 26 56   46.20    5.54    -13.0 
2021  7  6  5 27 21   46.45    5.53      5.0 
2021  7  6  5 28 21   46.60    6.00     25.0 
2021  7  6  5 29 15   47.23    4.20    -75.0 
2021  7  6  5 29 15   47.24    4.25     19.0 
2021  7  6  5 29 15   47.23    4.26      9.0 
2021  7  6  5 29 15   47.19    4.28    -10.0 
2021  7  6  5 29 15   47.19    4.29    -10.0 
2021  7  6  5 29 40   46.24    5.21     10.0 
2021  7  6  5 30 44   46.56    5.74     16.0 
2021  7  6  5 30 44   46.56    5.76      2.0 
2021  7  6  5 31  7   46.04    4.83     17.0 
2021  7  6  5 31 57   46.52    5.70    -14.0 
2021  7  6  5 31 57   46.56    5.76      3.0 
2021  7  6  5 32  5   46.23    5.26     25.0 
2021  7  6  5 32 26   46.54    5.75    -16.0 
2021  7  6  5 32 26   46.54    5.75    -18.0 
2021  7  6  5 32 27   46.54    5.71     -7.0 
2021  7  6  5 32 51   47.57    4.54     -5.0 
2021  7  6  5 32 51   47.57    4.53    -15.0 
2021  7  6  5 33 42   47.14    4.24     33.0 
2021  7  6  5 33 52   46.57    5.76     11.0 
2021  7  6  5 33 52   46.55    5.74     18.0 
2021  7  6  5 34  8   46.07    4.87    -10.0 
2021  7  6  5 34  9   46.08    4.88    -10.0 
2021  7  6  5 34  9   46.07    4.87     -9.0 
2021  7  6  5 34 34   46.58    5.73     -5.0 
2021  7  6  5 34 47   48.49    5.73    -14.0 
2021  7  6  5 34 47   48.51    5.70     -6.0 
2021  7  6  5 35 57   46.56    5.75    -11.0 
2021  7  6  5 35 57   46.57    5.74     -7.0 
2021  7  6  5 36 23   46.60    5.79      3.0 
2021  7  6  5 37 11   48.04    5.24     -9.0 
2021  7  6  5 37 11   48.04    5.28    -16.0 
2021  7  6  5 37 11   48.02    5.27     -7.0 
2021  7  6  5 37 11   48.02    5.27    -10.0 
2021  7  6  5 37 55   46.59    5.79     -3.0 
2021  7  6  5 37 55   46.59    5.78     -9.0 
2021  7  6  5 38  3   48.03    5.26     -8.0 
2021  7  6  5 38  3   48.05    5.29    -14.0 
2021  7  6  5 38  3   48.06    5.25     -6.0 
2021  7  6  5 38 27   46.19    5.53    -78.0 
2021  7  6  5 38 42   46.74    6.18      3.0 
2021  7  6  5 38 42   46.73    6.14     79.0 
2021  7  6  5 38 42   46.72    6.14     -2.0 
2021  7  6  5 39 20   49.48    7.57     23.0 
2021  7  6  5 39 27   46.08    4.94    -13.0 
2021  7  6  5 39 27   46.10    4.95     -9.0 
2021  7  6  5 39 27   46.11    4.96    -12.0 
2021  7  6  5 39 57   46.20    5.69    -68.0 
2021  7  6  5 39 58   46.22    5.67    -19.0 
2021  7  6  5 39 58   46.36    5.59     -7.0 
2021  7  6  5 40 57   46.09    4.97    -26.0 
2021  7  6  5 40 57   46.09    4.96    -24.0 
2021  7  6  5 40 57   46.10    4.97    -15.0 
2021  7  6  5 40 57   46.09    4.95    -13.0 
2021  7  6  5 41 44   52.58    6.32    -31.0 
2021  7  6  5 41 44   52.57    6.29    -12.0 
2021  7  6  5 41 44   52.57    6.33     -9.0 
2021  7  6  5 42  3   46.22    5.73    -19.0 
2021  7  6  5 42 27   46.10    5.55     11.0 
2021  7  6  5 42 29   48.06    5.32      8.0 
2021  7  6  5 42 33   49.48    7.69    -58.0 
2021  7  6  5 42 33   49.47    7.71     -2.0 
2021  7  6  5 42 33   49.49    7.69    -29.0 
2021  7  6  5 42 34   49.50    7.68    -16.0 
2021  7  6  5 42 34   49.48    7.69    -25.0 
2021  7  6  5 42 34   49.46    7.73     -2.0 
2021  7  6  5 43 18   46.11    5.00      3.0 
2021  7  6  5 43 44   48.08    5.36    -14.0 
2021  7  6  5 44 17   49.52    7.66     26.0 
2021  7  6  5 44 17   49.46    7.87    -24.0 
2021  7  6  5 44 21   46.12    5.02      6.0 
2021  7  6  5 44 21   46.11    5.01      3.0 
2021  7  6  5 44 27   46.61    5.88    -23.0 
2021  7  6  5 44 27   46.61    5.90    -14.0 
2021  7  6  5 44 27   46.61    5.91    -16.0 
2021  7  6  5 44 27   46.62    5.88    -15.0 
2021  7  6  5 45 35   48.51    5.84     14.0 
2021  7  6  5 45 49   52.62    6.35    -42.0 
2021  7  6  5 45 49   52.62    6.35    -12.0 
2021  7  6  5 45 49   52.60    6.35     -5.0 
2021  7  6  5 45 49   46.30    5.72     -2.0 
2021  7  6  5 45 49   46.28    5.70    -31.0 
2021  7  6  5 45 51   46.67    5.91   -110.0 
2021  7  6  5 45 51   46.67    5.89     -7.0 
2021  7  6  5 45 51   46.66    5.93    -16.0 
2021  7  6  5 45 51   46.67    5.90     -5.0 
2021  7  6  5 45 51   46.66    5.93    -17.0 
2021  7  6  5 46 17   46.20    5.58     -5.0 
2021  7  6  5 46 17   46.20    5.58     -9.0 
2021  7  6  5 46 28   46.63    5.91    -27.0 
2021  7  6  5 46 28   46.61    5.95    -16.0 
2021  7  6  5 46 28   46.62    5.89    -15.0 
2021  7  6  5 46 28   46.62    5.93    -13.0 
2021  7  6  5 46 28   46.63    5.90    -23.0 
2021  7  6  5 46 29   46.64    5.91    -10.0 
2021  7  6  5 46 58   49.51    7.75     23.0 
2021  7  6  5 46 58   49.53    7.78      7.0 
2021  7  6  5 47 16   48.03    5.38    -13.0 
2021  7  6  5 47 27   47.42    4.53     87.0 
2021  7  6  5 47 55   46.70    5.91    201.0 
2021  7  6  5 47 55   46.68    5.92     11.0 
2021  7  6  5 47 55   46.69    5.93      2.0 
2021  7  6  5 49 29   46.68    5.93     80.0 
2021  7  6  5 49 29   46.69    5.92     53.0 
2021  7  6  5 49 29   46.72    5.90     15.0 
2021  7  6  5 50 42   46.70    5.95    -28.0 
2021  7  6  5 50 42   46.69    5.91     10.0 
2021  7  6  5 50 42   46.69    5.85     -3.0 
2021  7  6  5 51  3   46.40    5.68    -56.0 
2021  7  6  5 51  3   46.42    5.69     -9.0 
2021  7  6  5 51  3   46.40    5.70    -19.0 
2021  7  6  5 51  3   46.42    5.71      8.0 
2021  7  6  5 51  7   48.05    5.43     31.0 
2021  7  6  5 51  7   48.03    5.44     -3.0 
2021  7  6  5 51  9   46.06    5.61    -58.0 
2021  7  6  5 51  9   46.05    5.66     -8.0 
2021  7  6  5 52 18   52.67    6.61     14.0 
2021  7  6  5 53  1   46.17    5.70     13.0 
2021  7  6  5 53  1   46.18    5.66     15.0 
2021  7  6  5 53  1   46.16    5.62    -12.0 
2021  7  6  5 53 11   52.67    6.61     -2.0 
2021  7  6  5 53 14   47.52    4.68    -11.0 
2021  7  6  5 53 15   47.56    4.75     11.0 
2021  7  6  5 53 15   47.54    4.74     31.0 
2021  7  6  5 53 59   46.67    5.97    -73.0 
2021  7  6  5 53 59   46.67    5.93    -13.0 
2021  7  6  5 54 54   46.39    5.74     21.0 
2021  7  6  5 54 55   46.38    5.74      7.0 
2021  7  6  5 55 50   46.70    6.01     27.0 
2021  7  6  5 56 33   52.89    6.53    -44.0 
2021  7  6  5 56 43   47.38    5.21     -9.0 
2021  7  6  5 58 33   52.92    6.55    -60.0 
2021  7  6  5 58 33   52.93    6.56    -17.0 
2021  7  6  5 58 33   52.94    6.52     -6.0 
2021  7  6  5 59 59   46.07    5.63    -24.0 
2021  7  6  6  0  8   48.81    6.04     17.0 
2021  7  6  6  0  8   48.76    6.00     -5.0 
2021  7  6  6  0  8   48.83    6.11     57.0 
2021  7  6  6  0  8   48.81    6.10      2.0 
2021  7  6  6  0  8   48.73    5.93    -14.0 
2021  7  6  6  0  8   48.82    6.04     -2.0 
2021  7  6  6  0  8   48.73    5.94    -13.0 
2021  7  6  6  0  9   48.69    6.04    -16.0 
2021  7  6  6  0 11   46.53    5.94     43.0 
2021  7  6  6  0 17   52.75    6.70     34.0 
2021  7  6  6  0 18   52.72    6.67    -11.0 
2021  7  6  6  0 18   52.73    6.67    -15.0 
2021  7  6  6  0 18   52.75    6.69      7.0 
2021  7  6  6  0 37   46.76    6.07    177.0 
2021  7  6  6  1 19   52.75    6.68     19.0 
2021  7  6  6  1 19   52.72    6.72    -14.0 
2021  7  6  6  1 19   52.76    6.69      6.0 
2021  7  6  6  1 55   47.49    5.22    -18.0 
2021  7  6  6  2 39   52.77    6.74    -25.0 
2021  7  6  6  3 39   46.47    5.60    127.0 
2021  7  6  6  3 40   46.57    5.97     41.0 
2021  7  6  6  5 30   52.77    6.74    -66.0 
2021  7  6  6  5 30   52.77    6.69      9.0 
2021  7  6  6  5 43   46.46    5.60     -7.0 
2021  7  6  6  5 43   46.51    5.66    -19.0 
2021  7  6  6  6 25   48.15    5.64    -23.0 
2021  7  6  6  7 17   46.50    5.68      6.0 
2021  7  6  6  7 17   46.54    5.76     11.0 
2021  7  6  6 10 26   46.55    5.70      9.0 
2021  7  6  6 10 26   46.56    5.72     85.0 
2021  7  6  6 10 27   46.48    5.95    -47.0 
2021  7  6  6 10 27   46.64    5.95     28.0 
2021  7  6  6 10 59   48.35    5.76    164.0 
2021  7  6  6 10 59   48.30    5.76     29.0 
2021  7  6  6 10 59   48.34    5.75    -13.0 
2021  7  6  6 10 59   48.34    5.76     -9.0 
2021  7  6  6 11 18   49.71    8.03    103.0 
2021  7  6  6 11 52   52.80    6.79    -36.0 
2021  7  6  6 12 33   49.94    8.01    -13.0 
2021  7  6  6 14 17   49.83    7.94    138.0 
2021  7  6  6 15  4   46.56    5.71     20.0 
2021  7  6  6 15  4   46.57    5.77      2.0 
2021  7  6  6 15  4   46.58    5.74     -9.0 
2021  7  6  6 15  4   46.58    5.85     65.0 
2021  7  6  6 15  4   48.08    5.77    -26.0 
2021  7  6  6 17 34   52.89    6.94     73.0 
2021  7  6  6 17 34   52.90    6.93      9.0 
2021  7  6  6 17 35   52.89    6.92      4.0 
2021  7  6  6 18 43   47.64    5.57     43.0 
2021  7  6  6 18 43   47.63    5.56     11.0 
2021  7  6  6 19 28   46.67    5.95     44.0 
2021  7  6  6 19 28   46.68    5.92     -2.0 
2021  7  6  6 19 29   46.87    6.27     85.0 
2021  7  6  6 20 36   52.92    6.96     26.0 
2021  7  6  6 21 47   46.51    5.63     71.0 
2021  7  6  6 23 51   46.66    5.95     11.0 
2021  7  6  6 23 51   46.69    5.91     35.0 
2021  7  6  6 23 51   46.67    5.92      8.0 
2021  7  6  6 25 35   48.45    6.12      8.0 
2021  7  6  6 25 35   48.45    6.12     -2.0 
2021  7  6  6 25 35   48.45    6.11    -11.0 
2021  7  6  6 25 36   47.68    5.66     40.0 
2021  7  6  6 25 36   47.69    5.67      7.0 
2021  7  6  6 27 28   49.92    8.21     56.0 
2021  7  6  6 27 45   46.69    6.16    -29.0 
2021  7  6  6 27 46   46.92    6.51    126.0 
2021  7  6  6 27 46   46.93    6.50     33.0 
2021  7  6  6 27 55   46.53    5.64   -101.0 
2021  7  6  6 27 55   46.52    5.64     -8.0 
2021  7  6  6 27 55   46.49    5.61     -5.0 
2021  7  6  6 28  9   48.05    5.74     29.0 
2021  7  6  6 28  9   48.04    5.72     10.0 
2021  7  6  6 29 23   46.02    5.52    -16.0 
2021  7  6  6 33 36   46.01    5.49     25.0 
2021  7  6  6 35 43   46.06    5.46    -70.0 
2021  7  6  6 35 43   46.05    5.46    -22.0 
2021  7  6  6 35 43   46.05    5.48     -2.0 
2021  7  6  6 35 43   46.06    5.45    -17.0 
2021  7  6  6 35 43   46.05    5.46    -14.0 
2021  7  6  6 35 43   46.05    5.45    -14.0 
2021  7  6  6 36 16   47.05    5.53    -17.0 
2021  7  6  6 36 16   47.02    5.53    -35.0 
2021  7  6  6 36 16   47.00    5.54     -2.0 
2021  7  6  6 36 16   47.01    5.53     -9.0 
2021  7  6  6 36 45   46.05    5.46    -12.0 
2021  7  6  6 39  4   48.57    6.32     10.0 
2021  7  6  6 39  8   46.01    5.52     -6.0 
2021  7  6  6 44 58   50.14    8.29     34.0 
2021  7  6  6 44 58   50.17    8.32    -19.0 
2021  7  6  6 44 58   50.15    8.31     -5.0 
2021  7  6  6 44 58   50.19    8.32     11.0 
2021  7  6  6 44 58   50.16    8.31    -25.0 
2021  7  6  6 44 59   50.10    8.29     -3.0 
2021  7  6  6 45  5   46.08    5.59     28.0 
2021  7  6  6 45  5   46.15    5.56     16.0 
2021  7  6  6 49 59   46.13    5.68    -40.0 
2021  7  6  6 49 59   46.15    5.68    -17.0 
2021  7  6  6 49 59   46.12    5.70    -16.0 
2021  7  6  6 49 59   46.14    5.69     -3.0 
2021  7  6  6 50  5   46.03    5.66     59.0 
2021  7  6  6 51 50   47.42    5.89     16.0 
2021  7  6  6 51 51   47.44    5.89    -10.0 
2021  7  6  6 52 24   46.05    5.68      9.0 
2021  7  6  6 53 16   48.01    6.22     69.0 
2021  7  6  6 54 38   46.50    6.32    -24.0 
2021  7  6  6 56 53   46.09    5.79    -14.0 
2021  7  6  6 59 20   46.08    5.74    -16.0 
2021  7  6  6 59 20   46.07    5.74    -13.0 
2021  7  6  6 59 20   46.05    5.75     -3.0 
2021  7  6  6 59 28   47.02    5.74     71.0 
2021  7  6  7  0 14   50.29    8.46     46.0 
2021  7  6  7  0 14   50.29    8.52    -45.0 
2021  7  6  7  0 34   47.50    6.08    -26.0 
2021  7  6  7  0 34   47.52    6.07     -9.0 
2021  7  6  7  4 58   49.21    7.39    -10.0 
2021  7  6  7  8  8   46.05    5.77     -3.0 
2021  7  6  7  8  9   46.05    5.78    -11.0 
2021  7  6  7  9 31   50.26    8.70     60.0 
2021  7  6  7  9 31   50.33    8.63     36.0 
2021  7  6  7  9 31   50.33    8.61     68.0 
2021  7  6  7 11 50   50.31    8.70     32.0 
2021  7  6  7 12 22   46.08    5.84     39.0 
2021  7  6  7 12 22   46.09    5.85      9.0 
2021  7  6  7 12 22   46.20    5.85    -29.0 
2021  7  6  7 12 22   46.19    5.82    -14.0 
2021  7  6  7 18 59   46.32    5.95     -9.0 
2021  7  6  7 31 32   46.38    6.06     23.0 
2021  7  6  7 33 22   48.12    6.90     -6.0 
2021  7  6  7 34 23   46.33    6.11     23.0 
2021  7  6  7 34 24   46.32    6.10     10.0 
2021  7  6  7 34 24   46.33    6.12      4.0 
2021  7  6  7 37 10   46.22    6.08    -16.0 
2021  7  6  7 37 51   48.19    6.98    -67.0 
2021  7  6  7 37 51   48.21    7.00      7.0 
2021  7  6  7 37 51   48.21    7.00     -7.0 
2021  7  6  7 37 51   48.21    7.00    -25.0 
2021  7  6  7 37 51   48.21    7.00    -33.0 
2021  7  6  7 39  8   46.37    6.18     11.0 
2021  7  6  7 43  9   46.39    6.21     43.0 
2021  7  6  7 47 34   46.15    6.02    -12.0 
2021  7  6  8 36  2   46.10    5.10    -84.0 
2021  7  6  8 36  2   46.12    5.14     -2.0 
2021  7  6  8 47  6   46.07    5.07     56.0 
2021  7  6  8 47  6   46.08    5.07     16.0 
2021  7  6  9  1 41   46.25    5.30     10.0 
2021  7  6  9  1 41   46.25    5.31     82.0 
2021  7  6  9  1 41   46.26    5.33      4.0 
2021  7  6  9 13 36   46.14    5.24     67.0 
2021  7  6  9 15 23   46.27    5.35     71.0 
2021  7  6  9 15 23   46.32    5.31     55.0 
2021  7  6  9 16 23   46.34    5.39     29.0 
2021  7  6  9 18 24   46.32    5.40     72.0 
2021  7  6  9 18 25   46.31    5.36     -4.0 
2021  7  6  9 20 22   46.35    5.39     17.0 
2021  7  6  9 20 39   46.44    5.69    -28.0 
2021  7  6  9 20 39   46.44    5.69    -12.0 
2021  7  6  9 20 39   46.44    5.70    -27.0 
2021  7  6  9 20 39   46.43    5.70    -14.0 
2021  7  6  9 20 39   46.44    5.69     -9.0 
2021  7  6  9 21 41   46.24    5.30    -12.0 
2021  7  6  9 22  3   46.02    5.15     12.0 
2021  7  6  9 23 22   46.48    5.68     19.0 
2021  7  6  9 25 17   46.16    5.76    -23.0 
2021  7  6  9 25 17   46.14    5.77     -4.0 
2021  7  6  9 25 17   46.15    5.77     -9.0 
2021  7  6  9 25 17   46.15    5.77    -24.0 
2021  7  6  9 25 17   46.15    5.73    -23.0 
2021  7  6  9 25 17   46.14    5.74     -8.0 
2021  7  6  9 25 17   46.16    5.76     -9.0 
2021  7  6  9 25 17   46.16    5.76    -13.0 
2021  7  6  9 25 17   46.16    5.76     -8.0 
2021  7  6  9 25 17   46.16    5.76    -11.0 
2021  7  6  9 25 17   46.15    5.77     -6.0 
2021  7  6  9 25 17   46.15    5.77     -8.0 
2021  7  6  9 25 17   46.15    5.77    -10.0 
2021  7  6  9 25 18   46.13    5.72    -10.0 
2021  7  6  9 26 29   46.17    5.76     -9.0 
2021  7  6  9 26 29   46.15    5.75    -10.0 
2021  7  6  9 27  3   46.14    5.70    -14.0 
2021  7  6  9 27  3   46.18    5.79      5.0 
2021  7  6  9 28 54   46.18    5.79     -7.0 
2021  7  6  9 28 54   46.19    5.74    -11.0 
2021  7  6  9 28 54   46.16    5.81     -4.0 
2021  7  6  9 28 54   46.16    5.77    -31.0 
2021  7  6  9 28 54   46.16    5.75    -10.0 
2021  7  6  9 29 45   46.16    5.79     -4.0 
2021  7  6  9 33 23   46.18    5.86    -17.0 
2021  7  6  9 33 23   46.16    5.83    -19.0 
2021  7  6  9 33 23   46.16    5.87    -16.0 
2021  7  6  9 33 23   46.15    5.82     -9.0 
2021  7  6  9 33 23   46.15    5.83    -13.0 
2021  7  6  9 34 29   46.06    5.40     52.0 
2021  7  6  9 34 29   46.06    5.40    -12.0 
2021  7  6  9 35 29   46.34    5.46     10.0 
2021  7  6  9 35 29   46.33    5.48     20.0 
2021  7  6  9 36 39   46.20    5.88    -14.0 
2021  7  6  9 36 39   46.19    5.90     -9.0 
2021  7  6  9 36 39   46.19    5.87    -20.0 
2021  7  6  9 36 39   46.19    5.90    -13.0 
2021  7  6  9 36 39   46.21    5.88      3.0 
2021  7  6  9 36 39   46.19    5.90    -11.0 
2021  7  6  9 36 39   46.21    5.89    -21.0 
2021  7  6  9 36 39   46.21    5.89     -6.0 
2021  7  6  9 36 39   46.21    5.89    -20.0 
2021  7  6  9 36 39   46.20    5.90     -4.0 
2021  7  6  9 37  0   46.26    5.92      3.0 
2021  7  6  9 37  0   46.26    5.92     23.0 
2021  7  6  9 38 10   46.24    5.87    -16.0 
2021  7  6  9 39 23   46.27    5.91     15.0 
2021  7  6  9 39 23   46.27    5.90     11.0 
2021  7  6  9 43 42   46.12    5.73    -24.0 
2021  7  6  9 43 42   46.12    5.73    -11.0 
2021  7  6  9 49 31   46.10    5.73     71.0 
2021  7  6  9 50 24   46.73    6.23     48.0 
2021  7  6  9 51 56   46.19    5.84    -17.0 
2021  7  6  9 51 56   46.18    5.81    -28.0 
2021  7  6  9 51 56   46.19    5.85    -10.0 
2021  7  6  9 51 56   46.20    5.84    -24.0 
2021  7  6  9 51 56   46.20    5.82     -9.0 
2021  7  6  9 52 13   46.00    5.63     63.0 
2021  7  6  9 52 13   46.06    5.53     12.0 
2021  7  6  9 52 13   46.10    5.49    -17.0 
2021  7  6  9 52 13   46.10    5.49     -3.0 
2021  7  6  9 52 13   46.09    5.50     -8.0 
2021  7  6  9 52 13   46.09    5.50     -9.0 
2021  7  6  9 52 13   46.11    5.48    -11.0 
2021  7  6  9 52 23   46.72    6.00     59.0 
2021  7  6  9 53 41   46.19    5.85     10.0 
2021  7  6  9 56  4   46.07    5.46    -10.0 
2021  7  6  9 56  4   46.07    5.47    -43.0 
2021  7  6  9 56  4   46.07    5.47     -7.0 
2021  7  6  9 56  4   46.07    5.47    -10.0 
2021  7  6  9 56  4   46.07    5.47    -17.0 
2021  7  6  9 58 53   46.72    6.13     73.0 
2021  7  6  9 58 55   46.57    6.24    -24.0 
2021  7  6  9 58 55   46.57    6.23    -17.0 
2021  7  6  9 59 32   46.49    6.10     15.0 
2021  7  6  9 59 32   46.50    6.07     23.0 
2021  7  6  9 59 42   46.61    6.27    -17.0 
2021  7  6  9 59 42   46.57    6.22    -18.0 
2021  7  6  9 59 42   46.60    6.27    -11.0 
2021  7  6 10  0 26   46.62    6.26    -10.0 
2021  7  6 10  0 45   46.48    6.11      4.0 
2021  7  6 10  1  2   46.59    6.24     -9.0 
2021  7  6 10  1  2   46.57    6.22    -15.0 
2021  7  6 10  1  2   46.59    6.26    -10.0 
2021  7  6 10  1  2   46.61    6.29    -19.0 
2021  7  6 10  4  8   46.15    5.82    -14.0 
2021  7  6 10  4  8   46.16    5.84    -14.0 
2021  7  6 10  4  8   46.17    5.86    -15.0 
2021  7  6 10  4  8   46.15    5.81    -27.0 
2021  7  6 10  4  8   46.17    5.85     -2.0 
2021  7  6 10  4  8   46.18    5.84     25.0 
2021  7  6 10  4  8   46.18    5.85     -8.0 
2021  7  6 10  4  9   46.18    5.85    -17.0 
2021  7  6 10  4  9   46.18    5.85    -17.0 
2021  7  6 10  4  9   46.18    5.84     -7.0 
2021  7  6 10  4  9   46.17    5.85    -12.0 
2021  7  6 10  6 39   46.68    6.32     45.0 
2021  7  6 10  7 39   46.20    5.89     28.0 
2021  7  6 10  7 40   46.18    5.55     51.0 
2021  7  6 10  7 41   46.03    5.71    -65.0 
2021  7  6 10 16  0   46.80    6.42     93.0 
2021  7  6 10 23 58   46.64    6.46    141.0 
2021  7  6 10 30 17   47.06    6.66      9.0 
2021  7  6 10 30 17   47.04    6.66      2.0 
2021  7  6 10 30 17   47.05    6.60     17.0 
2021  7  6 10 30 17   47.03    6.62     -2.0 
2021  7  6 10 30 17   47.04    6.62     -9.0 
2021  7  6 10 30 17   47.04    6.62    -10.0 
2021  7  6 10 30 17   47.04    6.63     -6.0 
2021  7  6 10 35 31   46.83    6.51     48.0 
2021  7  6 11  6 48   46.27    7.01     50.0 
2021  7  6 11 16 18   54.37   10.77     71.0 
2021  7  6 11 34 51   46.43    7.29     44.0 
2021  7  6 11 39 57   46.46    7.34    272.0 
2021  7  6 11 41 24   46.48    7.34    112.0 
2021  7  6 11 43 50   46.47    7.36    -11.0 
2021  7  6 11 48 18   46.48    7.38     78.0 
2021  7  6 11 52 24   46.51    7.46     61.0 
2021  7  6 11 52 24   46.47    7.41      2.0 
2021  7  6 12  1 15   46.68    7.61     -9.0 
2021  7  6 12  1 15   46.72    7.61    -13.0 
2021  7  6 12  3  2   46.72    7.65    -11.0 
2021  7  6 12  3  2   46.69    7.62    -11.0 
2021  7  6 12  3  2   46.70    7.64    -11.0 
2021  7  6 12  3  3   46.69    7.65    -19.0 
2021  7  6 12  3  3   46.69    7.65    -17.0 
2021  7  6 12  5 11   46.74    7.64     31.0 
2021  7  6 12  5 11   46.74    7.64     24.0 
2021  7  6 12  7 55   46.54    7.62    -12.0 
2021  7  6 12  7 56   46.54    7.63    -40.0 
2021  7  6 12  7 56   46.52    7.59    -10.0 
2021  7  6 12  8 59   46.53    7.61    -41.0 
2021  7  6 12  8 59   46.53    7.63    -14.0 
2021  7  6 12  8 59   46.53    7.64    -41.0 
2021  7  6 12  8 59   46.53    7.63    -26.0 
2021  7  6 12  8 59   46.53    7.64    -16.0 
2021  7  6 12  9  0   46.53    7.64     -7.0 
2021  7  6 12  9 12   46.70    7.63    -15.0 
2021  7  6 12 12 56   46.51    7.62    -18.0 
2021  7  6 12 12 56   46.54    7.69    -19.0 
2021  7  6 12 13 12   46.01    4.66     21.0 
2021  7  6 12 15 18   46.76    7.66     20.0 
2021  7  6 12 29 32   46.72    7.90     37.0 
2021  7  6 12 31  8   46.86    7.93     35.0 
2021  7  6 12 35 38   46.16    5.26    118.0 
2021  7  6 12 37 16   54.86   11.23    -14.0 
2021  7  6 12 38  7   46.15    5.27     34.0 
2021  7  6 12 38  7   46.18    5.33     69.0 
2021  7  6 12 39 30   46.69    8.00     58.0 
2021  7  6 12 41 59   54.80   11.21     67.0 
2021  7  6 12 46  3   46.75    8.15    -14.0 
2021  7  6 12 46 53   46.22    5.46     -8.0 
2021  7  6 12 46 54   46.24    5.50     88.0 
2021  7  6 12 48 14   46.04    5.16     18.0 
2021  7  6 12 49 30   54.87   11.24     92.0 
2021  7  6 12 49 30   54.88   11.25     -8.0 
2021  7  6 12 51 28   46.79    8.17     -7.0 
2021  7  6 12 51 28   46.77    8.22    -12.0 
2021  7  6 12 51 28   46.79    8.18     -9.0 
2021  7  6 12 53 14   46.21    5.37     43.0 
2021  7  6 13  0 18   46.09    5.29    181.0 
2021  7  6 13  0 18   46.09    5.30      9.0 
2021  7  6 13  0 18   46.11    5.29    106.0 
2021  7  6 13  5 26   46.93    8.38     -2.0 
2021  7  6 13  5 26   46.94    8.36     -3.0 
2021  7  6 13  5 26   46.92    8.37     -2.0 
2021  7  6 13  5 26   46.92    8.43    -28.0 
2021  7  6 13  5 26   46.93    8.44    -21.0 
2021  7  6 13  5 26   46.93    8.44    -23.0 
2021  7  6 13  5 26   46.93    8.43    -18.0 
2021  7  6 13  5 26   46.93    8.43    -24.0 
2021  7  6 13  5 27   46.92    8.43    -22.0 
2021  7  6 13  6  7   54.93    7.45     77.0 
2021  7  6 13  6  7   54.93    7.45      7.0 
2021  7  6 13  7 16   55.06   11.36     64.0 
2021  7  6 13  7 54   46.29    5.68    -16.0 
2021  7  6 13  8 19   55.04   11.31     13.0 
2021  7  6 13  8 19   55.05   11.37     -3.0 
2021  7  6 13  8 47   46.88    8.35     -4.0 
2021  7  6 13  8 47   46.89    8.35    -16.0 
2021  7  6 13  8 47   46.89    8.35     -3.0 
2021  7  6 13  8 47   46.89    8.34    -21.0 
2021  7  6 13 15 55   46.06    5.17    -55.0 
2021  7  6 13 16 28   54.40   11.91    -46.0 
2021  7  6 13 16 28   54.40   11.91    -12.0 
2021  7  6 13 21 38   46.03    5.21     57.0 
2021  7  6 14 21 26   46.07    5.70    -15.0 
2021  7  6 14 22 35   46.52    5.75     98.0 
2021  7  6 14 22 36   46.52    5.74     12.0 
2021  7  6 14 22 36   46.53    5.72     -1.0 
2021  7  6 14 39 58   46.09    5.72     49.0 
2021  7  6 14 42 32   46.14    5.73     62.0 
2021  7  6 14 42 32   46.13    5.70     15.0 
2021  7  6 14 47 21   47.10    7.48    -39.0 
2021  7  6 14 49 30   46.11    5.83    -68.0 
2021  7  6 14 49 30   46.13    5.83     14.0 
2021  7  6 14 51 43   46.93    7.65     89.0 
2021  7  6 14 51 43   46.92    7.65    -18.0 
2021  7  6 14 52 12   55.44    9.02     48.0 
2021  7  6 14 53 58   46.44    6.41     60.0 
2021  7  6 14 56 10   55.02    9.39    110.0 
2021  7  6 14 56 49   46.54    6.41     35.0 
2021  7  6 14 57 51   47.98   10.37    -53.0 
2021  7  6 15  2 18   46.67    6.37     56.0 
2021  7  6 15  2 59   55.08    9.47     36.0 
2021  7  6 15  5 38   47.26    7.87     57.0 
2021  7  6 15 13 51   46.35    7.20    -74.0 
2021  7  6 15 13 59   46.97    7.84     34.0 
2021  7  6 15 14 44   46.63    7.46     66.0 
2021  7  6 15 14 48   46.26    6.18    155.0 
2021  7  6 15 20 42   47.00    7.81    -29.0 
2021  7  6 15 26  8   46.36    6.30     27.0 
2021  7  6 15 27 28   46.43    7.14    -48.0 
2021  7  6 15 27 28   46.43    7.14    -20.0 
2021  7  6 15 30 37   46.65    7.58     66.0 
2021  7  6 15 34 17   46.63    7.42     63.0 
2021  7  6 15 35 59   46.27    6.77    -41.0 
2021  7  6 15 36  9   46.62    7.06     23.0 
2021  7  6 15 37 51   46.30    6.52    -29.0 
2021  7  6 15 37 51   46.33    6.49    -10.0 
2021  7  6 15 37 51   46.34    6.49    -15.0 
2021  7  6 15 38 41   55.84    9.19     48.0 
2021  7  6 15 38 43   47.86   10.67    -39.0 
2021  7  6 15 38 44   47.87   10.67     20.0 
2021  7  6 15 39  5   55.84    9.18     25.0 
2021  7  6 15 39  5   55.85    9.20    -19.0 
2021  7  6 15 39  5   55.83    9.17    -11.0 
2021  7  6 15 39  8   46.28    6.89    -29.0 
2021  7  6 15 39  8   46.30    6.89    -33.0 
2021  7  6 15 39  8   46.30    6.90    -15.0 
2021  7  6 15 39 22   46.70    7.56     66.0 
2021  7  6 15 39 32   55.85    9.18    -13.0 
2021  7  6 15 39 48   46.80    7.77    -44.0 
2021  7  6 15 40 16   46.36    6.47    -28.0 
2021  7  6 15 43 43   46.47    6.91    -94.0 
2021  7  6 15 44 21   46.59    7.39     21.0 
2021  7  6 15 47 25   55.93    9.20     -2.0 
2021  7  6 15 47 34   55.93    9.19    -15.0 
2021  7  6 15 47 34   55.93    9.19     -2.0 
2021  7  6 15 47 34   55.92    9.17    -12.0 
2021  7  6 15 48 12   55.94    9.20     29.0 
2021  7  6 15 48 51   55.93    9.20     23.0 
2021  7  6 15 48 56   55.95    9.21    -28.0 
2021  7  6 15 49  2   55.94    9.26     -3.0 
2021  7  6 15 49 25   55.93    9.23      8.0 
2021  7  6 15 49 28   55.50    9.52    -44.0 
2021  7  6 15 49 31   55.95    9.17     -4.0 
2021  7  6 15 49 52   55.95    9.24     31.0 
2021  7  6 15 50 21   46.49    6.57    -33.0 
2021  7  6 15 50 48   55.97    9.26      3.0 
2021  7  6 15 51 13   55.95    9.22      2.0 
2021  7  6 15 51 13   55.93    9.25     -2.0 
2021  7  6 15 51 16   55.93    9.14      3.0 
2021  7  6 15 51 20   55.95    9.22      6.0 
2021  7  6 15 51 20   55.97    9.26     -4.0 
2021  7  6 15 52 12   46.15    6.17    -60.0 
2021  7  6 15 52 12   46.17    6.18    -11.0 
2021  7  6 15 52 12   46.17    6.17    -23.0 
2021  7  6 15 52 18   46.47    6.68    -30.0 
2021  7  6 15 52 18   46.46    6.68    -21.0 
2021  7  6 15 52 36   55.95    9.24     26.0 
2021  7  6 15 54 44   55.95    9.21     -7.0 
2021  7  6 15 55 17   46.26    6.50     24.0 
2021  7  6 15 56 10   55.96    9.29      9.0 
2021  7  6 15 56 10   55.95    9.28    -11.0 
2021  7  6 15 56 41   46.26    6.78    -30.0 
2021  7  6 15 56 41   46.26    6.77    -50.0 
2021  7  6 15 56 49   55.96    9.29     19.0 
2021  7  6 15 57 10   47.90   10.81    -20.0 
2021  7  6 15 57 10   47.90   10.81    -36.0 
2021  7  6 15 57 24   47.91   10.69     70.0 
2021  7  6 15 57 30   46.13    6.22    -95.0 
2021  7  6 15 58 14   55.97    9.27     21.0 
2021  7  6 15 58 29   55.97    9.28      4.0 
2021  7  6 15 59  4   55.97    9.29     13.0 
2021  7  6 15 59 35   55.97    9.26      3.0 
2021  7  6 15 59 57   55.97    9.25      2.0 
2021  7  6 16  0  5   55.98    9.31    -13.0 
2021  7  6 16  0 19   55.97    9.27     -2.0 
2021  7  6 16  0 36   55.99    9.30    -17.0 
2021  7  6 16  0 57   56.00    9.33    -17.0 
2021  7  6 16  0 59   46.19    6.47     39.0 
2021  7  6 16  4  6   46.61    7.10     17.0 
2021  7  6 16  4  6   46.58    7.06     32.0 
2021  7  6 16  4  6   46.61    7.12     23.0 
2021  7  6 16  5 34   46.61    7.10     18.0 
2021  7  6 16  7  6   55.59    9.76     30.0 
2021  7  6 16  8  1   46.37    6.94      9.0 
2021  7  6 16  8  1   46.37    6.96    -24.0 
2021  7  6 16  8  1   46.40    6.97     -3.0 
2021  7  6 16  8  1   46.41    6.99     -7.0 
2021  7  6 16  8  1   46.39    6.98    -20.0 
2021  7  6 16  8  1   46.40    6.99    -20.0 
2021  7  6 16  8  1   46.41    6.99    -17.0 
2021  7  6 16  8  1   46.39    6.98    -29.0 
2021  7  6 16  8 54   46.11    6.41     79.0 
2021  7  6 16  8 54   46.11    6.42    -21.0 
2021  7  6 16  9 14   46.41    6.99    -13.0 
2021  7  6 16 11 22   46.40    7.00    -11.0 
2021  7  6 16 11 22   46.37    7.01    -38.0 
2021  7  6 16 11 22   46.40    7.02    -11.0 
2021  7  6 16 11 22   46.40    7.02     -2.0 
2021  7  6 16 12 44   46.40    6.96    -16.0 
2021  7  6 16 13 25   46.21    6.38     84.0 
2021  7  6 16 13 40   46.34    6.64    -10.0 
2021  7  6 16 13 40   46.34    6.66     -8.0 
2021  7  6 16 14 38   48.15   10.77     49.0 
2021  7  6 16 14 38   48.15   10.80    -17.0 
2021  7  6 16 14 38   48.15   10.80    -18.0 
2021  7  6 16 14 38   48.15   10.80    -24.0 
2021  7  6 16 14 38   48.16   10.80    -11.0 
2021  7  6 16 14 38   48.14   10.80    -19.0 
2021  7  6 16 18 41   48.57   10.99    -53.0 
2021  7  6 16 23 48   46.33    6.64     72.0 
2021  7  6 16 25 22   46.43    7.14     28.0 
2021  7  6 16 25 34   55.99    9.59    -13.0 
2021  7  6 16 25 39   55.99    9.52      4.0 
2021  7  6 16 25 46   55.99    9.56    -46.0 
2021  7  6 16 26 22   46.94    8.04     51.0 
2021  7  6 16 26 39   55.99    9.53     -2.0 
2021  7  6 16 26 52   56.00    9.56     15.0 
2021  7  6 16 26 52   55.99    9.55      2.0 
2021  7  6 16 27  3   55.97    9.56     25.0 
2021  7  6 16 27 26   46.54    7.13     64.0 
2021  7  6 16 28 54   46.53    7.13     22.0 
2021  7  6 16 31 40   46.54    7.17     63.0 
2021  7  6 16 35 34   46.29    6.72    -38.0 
2021  7  6 16 35 34   46.28    6.72    -48.0 
2021  7  6 16 41  0   55.99    9.78     -5.0 
2021  7  6 16 41 19   55.99    9.77     18.0 
2021  7  6 16 42  4   56.00    9.76      5.0 
2021  7  6 16 43 33   54.52    9.61    -82.0 
2021  7  6 16 43 50   54.51    9.60     54.0 
2021  7  6 16 44 22   54.54    9.64     20.0 
2021  7  6 16 45 30   54.52    9.66    -34.0 
2021  7  6 16 46  0   54.54    9.60      2.0 
2021  7  6 16 46  1   54.52    9.57     18.0 
2021  7  6 16 46 32   54.54    9.59     41.0 
2021  7  6 16 46 32   54.54    9.62     -3.0 
2021  7  6 16 46 33   54.54    9.63     -2.0 
2021  7  6 16 46 49   54.52    9.60     -2.0 
2021  7  6 16 48 10   46.57    7.25    -31.0 
2021  7  6 16 49 22   46.66    7.60    -64.0 
2021  7  6 16 53 21   55.99    9.86     93.0 
2021  7  6 16 54 11   46.10    6.64    -57.0 
2021  7  6 16 54 11   46.12    6.64    -24.0 
2021  7  6 16 54 11   46.10    6.64    -18.0 
2021  7  6 16 55  6   46.12    6.63    -10.0 
2021  7  6 16 55  6   46.11    6.63    -19.0 
2021  7  6 17  1  1   46.17    6.67    -34.0 
2021  7  6 17  1  1   46.17    6.68    -24.0 
2021  7  6 17  1 16   46.28    6.61    -16.0 
2021  7  6 17  1 16   46.27    6.62    -16.0 
2021  7  6 17  7 16   46.36    7.33    -24.0 
2021  7  6 17  7 16   46.36    7.33    -23.0 
2021  7  6 17  7 53   54.80    9.58     29.0 
2021  7  6 17  7 53   54.81    9.61    -12.0 
2021  7  6 17  9 43   46.31    6.71    -26.0 
2021  7  6 17  9 44   46.31    6.72    -22.0 
2021  7  6 17  9 44   46.33    6.73    -14.0 
2021  7  6 17  9 44   46.33    6.73    -10.0 
2021  7  6 17 12 30   46.36    7.38    -16.0 
2021  7  6 17 13 45   54.73    9.88    -39.0 
2021  7  6 17 13 56   54.72    9.85     25.0 
2021  7  6 17 14  7   54.73    9.86     40.0 
2021  7  6 17 14 31   46.23    6.82     41.0 
2021  7  6 17 18 51   46.01    6.72      3.0 
2021  7  6 17 18 55   46.04    6.80    -19.0 
2021  7  6 17 18 55   46.00    6.74      4.0 
2021  7  6 17 18 55   46.04    6.80     -9.0 
2021  7  6 17 18 55   46.05    6.80    -12.0 
2021  7  6 17 18 55   46.03    6.80    -11.0 
2021  7  6 17 18 56   46.06    6.80    -14.0 
2021  7  6 17 18 56   46.03    6.80    -26.0 
2021  7  6 17 20 41   46.03    6.83    -15.0 
2021  7  6 17 20 41   46.02    6.83    -11.0 
2021  7  6 17 20 41   46.01    6.85    -18.0 
2021  7  6 17 20 41   46.00    6.81    -13.0 
2021  7  6 17 20 41   46.01    6.82    -10.0 
2021  7  6 17 20 41   46.02    6.83    -14.0 
2021  7  6 17 20 55   46.04    6.82     -9.0 
2021  7  6 17 21 30   46.02    6.80      7.0 
2021  7  6 17 21 30   46.02    6.81      9.0 
2021  7  6 17 21 31   46.02    6.81      8.0 
2021  7  6 17 21 40   46.02    6.84     -5.0 
2021  7  6 17 22 44   46.04    6.84    -14.0 
2021  7  6 17 22 44   46.04    6.84    -16.0 
2021  7  6 17 23  4   46.07    6.83    -10.0 
2021  7  6 17 23  4   46.07    6.84     -8.0 
2021  7  6 17 23 32   46.02    6.83     -5.0 
2021  7  6 17 24 49   46.02    6.86     -9.0 
2021  7  6 17 25 12   46.06    6.87    -15.0 
2021  7  6 17 25 12   46.05    6.85    -17.0 
2021  7  6 17 25 58   48.19   11.89     37.0 
2021  7  6 17 26 51   46.02    6.85      3.0 
2021  7  6 17 29 18   48.23   11.83     60.0 
2021  7  6 17 35 35   46.09    6.97    -13.0 
2021  7  6 17 35 35   46.09    6.97    -19.0 
2021  7  6 17 35 35   46.11    6.97     -9.0 
2021  7  6 17 38 16   46.24    6.96    115.0 
2021  7  6 17 38 16   46.23    6.97      8.0 
2021  7  6 17 41 27   46.25    7.02     46.0 
2021  7  6 17 42 46   46.03    7.04     17.0 
2021  7  6 17 45  1   46.02    6.78     39.0 
2021  7  6 17 46 28   46.03    6.76     69.0 
2021  7  6 17 46 29   46.03    6.77    -11.0 
2021  7  6 17 49 33   46.04    6.77     -3.0 
2021  7  6 17 49 33   46.01    6.77     -9.0 
2021  7  6 17 50 39   48.33   12.03     81.0 
2021  7  6 17 51 30   54.95   10.22     65.0 
2021  7  6 17 55 32   46.19    7.10     80.0 
2021  7  6 18  0 12   46.22    7.12     25.0 
2021  7  6 18  0 12   46.34    7.20    -11.0 
2021  7  6 18  0 12   46.36    7.20    -16.0 
2021  7  6 18  0 12   46.37    7.21     -9.0 
2021  7  6 18  0 12   46.36    7.20    -12.0 
2021  7  6 18  0 13   46.37    7.20    -10.0 
2021  7  6 18  0 13   46.34    7.20     -5.0 
2021  7  6 18  1 40   46.21    7.16      8.0 
2021  7  6 18  1 40   46.20    7.16     45.0 
2021  7  6 18  3  9   48.62   11.80    -21.0 
2021  7  6 18 23 31   48.44   12.22    -20.0 
2021  7  6 18 34 40   46.25    7.47    118.0 
2021  7  6 18 34 40   46.25    7.48     73.0 
2021  7  6 18 43 39   46.28    7.41     54.0 
2021  7  6 18 46 40   46.19    8.74     36.0 
2021  7  6 18 48 52   48.00   10.67     47.0 
2021  7  6 18 51 58   48.00   10.70     -2.0 
2021  7  6 18 52 58   47.99   10.69     86.0 
2021  7  6 18 57 19   47.65   10.65    -38.0 
2021  7  6 18 59  3   47.96   10.74     21.0 
2021  7  6 19  1 23   47.86   10.61    -13.0 
2021  7  6 19  8 16   47.72   10.70    -34.0 
2021  7  6 19  8 17   47.76   10.59    -13.0 
2021  7  6 19  8 40   55.90   10.33     35.0 
2021  7  6 19  8 40   55.93   10.34    -14.0 
2021  7  6 19 10  2   55.95   10.44    -51.0 
2021  7  6 19 13 28   47.91   10.68     53.0 
2021  7  6 19 13 34   47.37   10.49    -16.0 
2021  7  6 19 13 34   47.37   10.45     13.0 
2021  7  6 19 13 34   47.40   10.49     -5.0 
2021  7  6 19 13 34   47.40   10.49     -8.0 
2021  7  6 19 13 34   47.40   10.48     -3.0 
2021  7  6 19 14 29   47.36   10.49    -11.0 
2021  7  6 19 14 29   47.37   10.51    -18.0 
2021  7  6 19 15 28   47.37   10.48    -18.0 
2021  7  6 19 16 32   47.39   10.51    -11.0 
2021  7  6 19 16 32   47.39   10.52    -19.0 
2021  7  6 19 16 32   47.38   10.49    -18.0 
2021  7  6 19 17 22   47.38   10.51    -14.0 
2021  7  6 19 17 22   47.37   10.50    -19.0 
2021  7  6 19 18 10   47.53   10.51    -15.0 
2021  7  6 19 18 10   47.55   10.51     61.0 
2021  7  6 19 18 13   47.40   10.52     -6.0 
2021  7  6 19 18 13   47.39   10.51    -14.0 
2021  7  6 19 18 13   47.40   10.57    -32.0 
2021  7  6 19 18 58   47.41   10.58    -28.0 
2021  7  6 19 19 24   49.63   12.72    -26.0 
2021  7  6 19 19 34   47.39   10.51     -8.0 
2021  7  6 19 19 34   47.40   10.56    -35.0 
2021  7  6 19 19 34   47.41   10.53     -8.0 
2021  7  6 19 19 34   47.37   10.49    -14.0 
2021  7  6 19 19 35   47.41   10.54     -4.0 
2021  7  6 19 19 35   47.36   10.53    -13.0 
2021  7  6 19 19 35   47.41   10.53     -4.0 
2021  7  6 19 20 30   48.12   10.84    -10.0 
2021  7  6 19 21 14   48.86   11.45    -36.0 
2021  7  6 19 22 17   46.30    8.87    -13.0 
2021  7  6 19 24  2   47.57   10.51     19.0 
2021  7  6 19 24  3   47.58   10.51     -8.0 
2021  7  6 19 24  3   47.56   10.51    -10.0 
2021  7  6 19 24  3   47.57   10.51    -10.0 
2021  7  6 19 25 41   48.13   10.91     21.0 
2021  7  6 19 28 37   48.72   11.21    -16.0 
2021  7  6 19 31 54   48.36   11.05    -19.0 
2021  7  6 19 33 59   48.13   10.88      8.0 
2021  7  6 19 33 59   48.09   10.87    -21.0 
2021  7  6 19 33 59   48.10   10.88    -25.0 
2021  7  6 19 34 43   55.97   10.53    -40.0 
2021  7  6 19 35  6   48.90   11.52    -15.0 
2021  7  6 19 37 47   48.01   10.82    -12.0 
2021  7  6 19 38 49   48.86   11.62     32.0 
2021  7  6 19 41 13   48.15   10.94    -17.0 
2021  7  6 19 42 14   49.63   12.76    -23.0 
2021  7  6 19 42 14   49.59   12.72    -21.0 
2021  7  6 19 42 28   49.63   12.76      3.0 
2021  7  6 19 42 53   49.61   12.75      4.0 
2021  7  6 19 44  9   49.60   12.71    -14.0 
2021  7  6 19 44  9   49.62   12.75     -5.0 
2021  7  6 19 44 33   49.65   12.79    -24.0 
2021  7  6 19 44 33   49.62   12.75    -12.0 
2021  7  6 19 47 28   48.92   11.52     87.0 
2021  7  6 19 47 38   49.56   12.79    -48.0 
2021  7  6 19 49 35   46.54    7.93    -15.0 
2021  7  6 19 50 46   49.65   12.81     23.0 
2021  7  6 19 53 23   49.65   12.81    -17.0 
2021  7  6 19 53 23   49.65   12.83    -14.0 
2021  7  6 19 54 17   49.70   12.74    -25.0 
2021  7  6 19 56 37   49.84   12.68     36.0 
2021  7  6 19 56 39   48.47   11.27    -31.0 
2021  7  6 19 56 39   48.41   11.22    -17.0 
2021  7  6 19 56 39   48.50   11.28    -17.0 
2021  7  6 19 57 11   49.61   12.85    -18.0 
2021  7  6 19 57 11   49.64   12.82    -30.0 
2021  7  6 19 58 40   49.63   12.78    -14.0 
2021  7  6 19 59 55   48.48   11.27     25.0 
2021  7  6 20  0 54   47.99   11.06    -11.0 
2021  7  6 20  0 54   47.98   11.07    -14.0 
2021  7  6 20  0 55   47.69   10.70    -30.0 
2021  7  6 20  0 55   47.72   10.73    -25.0 
2021  7  6 20  1 59   49.67   12.82    -28.0 
2021  7  6 20  2 19   49.86   12.71    -80.0 
2021  7  6 20  2 19   49.83   12.67    -28.0 
2021  7  6 20  2 19   49.86   12.72    -24.0 
2021  7  6 20  3 14   49.68   12.86     34.0 
2021  7  6 20  7 21   49.70   12.92    -18.0 
2021  7  6 20  7 21   49.70   12.90    -12.0 
2021  7  6 20  7 29   48.66   11.44    -56.0 
2021  7  6 20  7 29   48.64   11.43    -45.0 
2021  7  6 20  7 29   48.66   11.44    -18.0 
2021  7  6 20  7 53   49.69   12.87    -16.0 
2021  7  6 20  9 37   49.73   12.94     14.0 
2021  7  6 20 11 35   48.63   11.34     14.0 
2021  7  6 20 11 41   47.93   11.21     16.0 
2021  7  6 20 12 53   50.01   13.05    -49.0 
2021  7  6 20 12 53   50.01   13.02    -17.0 
2021  7  6 20 13 48   48.01   11.13    -15.0 
2021  7  6 20 13 48   48.03   11.04     34.0 
2021  7  6 20 13 48   48.06   11.08    -30.0 
2021  7  6 20 13 48   48.08   11.05    -23.0 
2021  7  6 20 13 48   48.08   11.01    -34.0 
2021  7  6 20 14 35   49.71   12.99     31.0 
2021  7  6 20 16  6   49.70   12.93     20.0 
2021  7  6 20 16 39   49.71   12.92     13.0 
2021  7  6 20 17 20   49.72   12.96     30.0 
2021  7  6 20 18 30   49.71   12.92     42.0 
2021  7  6 20 19 16   49.66   12.96    -53.0 
2021  7  6 20 19 54   49.69   12.91     15.0 
2021  7  6 20 22 25   49.73   12.97     26.0 
2021  7  6 20 24  4   48.70   11.47     22.0 
2021  7  6 20 24  4   48.69   11.53    -22.0 
2021  7  6 20 24  4   48.70   11.45     47.0 
2021  7  6 20 24  9   49.73   12.99    -10.0 
2021  7  6 20 32 32   49.70   12.93    -13.0 
2021  7  6 20 32 32   49.78   12.99     -8.0 
2021  7  6 20 32 32   49.77   12.99    -15.0 
2021  7  6 20 32 55   49.79   13.08      8.0 
2021  7  6 20 35 42   47.99   11.42    -20.0 
2021  7  6 20 35 42   47.99   11.44    -14.0 
2021  7  6 20 43 26   48.01   11.41     53.0 
2021  7  6 20 43 55   50.18   12.96     19.0 
2021  7  6 20 51  1   48.12   11.43     24.0 
2021  7  6 20 54 30   49.90   13.14    -51.0 
2021  7  6 20 58 25   50.16   13.07    -18.0 
2021  7  6 21  1 20   50.26   13.17    -18.0 
2021  7  6 21  1 20   50.24   13.16    -18.0 
2021  7  6 21  7 23   50.01   13.22    -51.0 
2021  7  6 21 23 38   50.55   13.05     57.0 
2021  7  6 21 23 39   50.57   13.06     -6.0 
2021  7  6 21 38 29   50.61   13.17     51.0 
2021  7  6 23 48 32   46.55    9.00    -30.0 
