2021  7 20  0 17  9   48.51   12.70    -24.0 
2021  7 20  0 17  9   48.51   12.69    -37.0 
2021  7 20  0 23 54   48.53   12.76    -16.0 
2021  7 20  0 23 54   48.52   12.74     74.0 
2021  7 20  0 25 15   48.37   12.52    -29.0 
2021  7 20  0 26 54   48.52   12.88    -25.0 
2021  7 20  0 26 54   48.51   12.89    -21.0 
2021  7 20  0 33 28   48.37   12.66    -30.0 
2021  7 20  0 36  0   48.38   12.66     10.0 
2021  7 20  0 39 59   48.37   12.76     19.0 
2021  7 20  0 42 37   48.37   12.80     18.0 
2021  7 20  0 42 37   48.38   12.78     22.0 
2021  7 20  0 42 53   48.37   12.80    -11.0 
2021  7 20  0 44  3   48.35   12.79    -11.0 
2021  7 20  0 44  4   48.35   12.78    -16.0 
2021  7 20  0 44  4   48.36   12.78     -9.0 
2021  7 20  0 44  4   48.35   12.79    -17.0 
2021  7 20  0 44  4   48.35   12.80     -9.0 
2021  7 20  0 49  0   48.36   12.77     11.0 
2021  7 20  0 49  0   48.36   12.83     21.0 
2021  7 20  0 49  0   48.37   12.84     13.0 
2021  7 20  0 55 44   48.28   12.88    -16.0 
2021  7 20  0 56 58   48.50   13.19    -35.0 
2021  7 20  1  3 42   48.36   12.99      7.0 
2021  7 20  1  3 42   48.34   12.99     14.0 
2021  7 20  1  3 42   48.36   13.02     13.0 
2021  7 20  1 10 34   48.25   13.01    -15.0 
2021  7 20  1 10 34   48.25   13.03    -23.0 
2021  7 20  1 10 35   48.24   13.02    -13.0 
2021  7 20  1 12 36   48.36   12.99     16.0 
2021  7 20  1 12 36   48.40   13.06    -50.0 
2021  7 20  1 12 36   48.39   13.09    -16.0 
2021  7 20  1 12 36   48.38   13.08    -26.0 
2021  7 20  1 12 36   48.37   13.08    -20.0 
2021  7 20  1 13  6   48.22   13.00    -44.0 
2021  7 20  1 13  6   48.24   12.99    -10.0 
2021  7 20  1 15  6   48.31   13.04    -12.0 
2021  7 20  1 15  6   48.33   13.04    -16.0 
2021  7 20  1 15  6   48.35   13.00    -17.0 
2021  7 20  1 15 43   48.42   13.08     -2.0 
2021  7 20  1 15 54   48.38   13.11     21.0 
2021  7 20  1 16 25   48.34   13.10    -20.0 
2021  7 20  1 16 25   48.35   13.11    -10.0 
2021  7 20  1 20 35   48.26   13.05     18.0 
2021  7 20  1 21  8   48.39   13.09    -32.0 
2021  7 20  1 24 15   48.16   14.77    -30.0 
2021  7 20  1 24 54   48.43   13.13    -20.0 
2021  7 20  1 29  5   48.37   13.16    -47.0 
2021  7 20  1 29  5   48.38   13.15     -7.0 
2021  7 20  1 30 56   48.20   13.09    -22.0 
2021  7 20  1 39 24   48.20   13.25     28.0 
2021  7 20  1 54 31   48.22   13.37     11.0 
2021  7 20  1 55 14   48.24   13.36     35.0 
2021  7 20  1 58 36   48.23   13.39      8.0 
2021  7 20  1 58 36   48.24   13.38     15.0 
2021  7 20  2 16 50   48.19   13.59    -16.0 
2021  7 20  2 16 50   48.19   13.59    -25.0 
2021  7 20  2 16 50   48.20   13.59    -21.0 
2021  7 20  2 16 50   48.18   13.59    -14.0 
2021  7 20  2 16 50   48.18   13.61     -8.0 
2021  7 20  2 16 50   48.18   13.60    -13.0 
2021  7 20  2 22 55   48.22   13.67    -43.0 
2021  7 20  2 25 11   48.13   13.71    -25.0 
2021  7 20  2 26 13   48.15   13.70     13.0 
2021  7 20  2 27 20   48.14   13.72      6.0 
2021  7 20  2 27 21   48.10   13.65    -73.0 
2021  7 20  2 27 21   48.08   13.64    -24.0 
2021  7 20  2 27 21   48.10   13.65    -11.0 
2021  7 20  2 27 21   48.12   13.69    -10.0 
2021  7 20  2 27 21   48.11   13.65     -8.0 
2021  7 20  2 27 21   48.09   13.65    -10.0 
2021  7 20  2 27 21   48.09   13.64    -10.0 
2021  7 20  2 28  4   48.13   13.74      2.0 
2021  7 20  2 28  4   48.04   13.76    -14.0 
2021  7 20  2 28  4   48.03   13.75     -5.0 
2021  7 20  2 28  4   48.04   13.78     -8.0 
2021  7 20  2 28  4   48.19   13.71    -18.0 
2021  7 20  2 30  8   48.13   13.76     -8.0 
2021  7 20  2 30  8   48.14   13.77    -20.0 
2021  7 20  2 30  8   48.12   13.74    -21.0 
2021  7 20  2 30  8   48.14   13.74    -11.0 
2021  7 20  2 30  8   48.15   13.76    -10.0 
2021  7 20  2 31 10   48.17   13.68     13.0 
2021  7 20  2 31 10   48.14   13.74     15.0 
2021  7 20  2 31 10   48.17   13.73      3.0 
2021  7 20  2 31 11   48.26   13.64    -25.0 
2021  7 20  2 31 11   48.26   13.64    -17.0 
2021  7 20  2 31 57   48.09   13.77     -8.0 
2021  7 20  2 31 57   48.13   13.76    -20.0 
2021  7 20  2 31 57   48.12   13.77    -26.0 
2021  7 20  2 31 57   48.15   13.78     -8.0 
2021  7 20  2 32 53   48.09   13.75     14.0 
2021  7 20  2 41 12   48.08   13.79    -18.0 
2021  7 20  2 41 33   48.08   13.77    -15.0 
2021  7 20  2 43 27   48.33   13.99    -34.0 
2021  7 20  2 53  2   48.01   13.95     51.0 
2021  7 20  3  0 46   47.96   14.08     10.0 
2021  7 20  3  0 46   47.97   14.07    120.0 
2021  7 20  3  0 46   47.98   14.10      7.0 
2021  7 20  3  2 56   47.92   14.16     75.0 
2021  7 20  3  5 25   47.91   14.13    126.0 
2021  7 20  3  5 25   47.90   14.13     23.0 
2021  7 20  3  6 10   47.92   13.95     -2.0 
2021  7 20  3  6 10   47.95   13.98     27.0 
2021  7 20  3 32 23   47.94   14.37     45.0 
2021  7 20  4 45 31   47.38   12.20   -162.0 
2021  7 20  4 45 31   47.37   12.21     14.0 
2021  7 20  4 45 31   47.38   12.21      3.0 
2021  7 20  4 45 31   47.38   12.23    -14.0 
2021  7 20  4 45 31   47.39   12.25    -12.0 
2021  7 20  5 14  4   47.33   12.57    -34.0 
2021  7 20  5 14  5   47.35   12.48   -119.0 
2021  7 20 11 34 10   46.01   13.99    -34.0 
2021  7 20 12 55 37   46.04   15.56    -13.0 
2021  7 20 12 55 37   46.03   15.56    -21.0 
2021  7 20 13  1 24   46.08   15.58    -30.0 
2021  7 20 13 34 26   46.76   15.87     72.0 
2021  7 20 13 34 26   46.78   15.85     -7.0 
2021  7 20 15 56 29   46.49   15.86     17.0 
2021  7 20 16  6 57   46.47   15.61     21.0 
2021  7 20 16 22 52   46.42   15.73    -42.0 
2021  7 20 17 14  8   46.12   15.76     81.0 
