2021  7  1  0 20  1   53.27   14.31    163.0 
2021  7  1  0 33 33   53.30   13.31    197.0 
2021  7  1  8 30 40   46.44   13.94    159.0 
2021  7  1  8 40 11   46.43   13.93     98.0 
2021  7  1  8 46  5   46.40   13.79     85.0 
2021  7  1  9  3 44   46.47   14.16    -48.0 
2021  7  1  9  3 44   46.49   14.08    -68.0 
2021  7  1  9  3 44   46.50   14.10    -13.0 
2021  7  1  9  3 44   46.47   14.07    -14.0 
2021  7  1  9  3 44   46.48   14.10    -21.0 
2021  7  1  9  3 44   46.49   14.10    -17.0 
2021  7  1  9  3 44   46.47   14.09    -19.0 
2021  7  1  9  7 54   46.40   13.87    -41.0 
2021  7  1  9  7 54   46.40   13.87    -14.0 
2021  7  1  9  7 54   46.42   13.86    -10.0 
2021  7  1  9 14 28   46.38   13.93    -31.0 
2021  7  1  9 14 28   46.40   13.98    -17.0 
2021  7  1  9 14 28   46.38   13.92    -24.0 
2021  7  1  9 15 41   46.40   13.93    -10.0 
2021  7  1  9 16 39   46.42   13.97    -16.0 
2021  7  1  9 16 43   46.44   13.51     56.0 
2021  7  1  9 18 39   46.38   13.92    -14.0 
2021  7  1  9 18 40   46.41   13.98    -19.0 
2021  7  1  9 18 40   46.39   13.96    -16.0 
2021  7  1  9 24 56   46.45   14.07     33.0 
2021  7  1  9 26 55   46.43   14.13     15.0 
2021  7  1  9 27 43   46.44   14.12     36.0 
2021  7  1  9 32 33   46.47   13.73    -14.0 
2021  7  1  9 32 33   46.45   13.72    -22.0 
2021  7  1  9 32 34   46.44   13.71    -11.0 
2021  7  1  9 43 54   46.35   13.64    -36.0 
2021  7  1  9 53 38   46.39   14.14    -35.0 
2021  7  1  9 53 57   46.36   14.15    -19.0 
2021  7  1  9 57  8   46.37   14.16    -22.0 
2021  7  1  9 57  9   46.38   14.17    -13.0 
2021  7  1  9 58 26   46.42   14.23    -45.0 
2021  7  1 10  0 47   46.42   14.24    -24.0 
2021  7  1 10  3 20   46.36   13.75    -19.0 
2021  7  1 10  3 20   46.36   13.74    -23.0 
2021  7  1 10  3 20   46.36   13.77    -19.0 
2021  7  1 10  6 16   46.43   14.33     39.0 
2021  7  1 10  6 17   46.43   14.36    -25.0 
2021  7  1 10  8  0   46.45   14.39    -26.0 
2021  7  1 10  8 33   46.42   14.33    -13.0 
2021  7  1 10 11 13   46.45   14.42    -12.0 
2021  7  1 10 11 33   46.44   14.49    -25.0 
2021  7  1 10 11 33   46.45   14.50    -45.0 
2021  7  1 10 11 33   46.45   14.48    -14.0 
2021  7  1 10 14  0   46.46   14.51    -14.0 
2021  7  1 10 14  0   46.45   14.55    -14.0 
2021  7  1 10 14  0   46.44   14.52    -11.0 
2021  7  1 10 14  0   46.44   14.54    -40.0 
2021  7  1 10 14  0   46.46   14.50    -15.0 
2021  7  1 10 14  0   46.42   14.47    -24.0 
2021  7  1 10 16 17   46.41   14.34    -30.0 
2021  7  1 10 16 17   46.39   14.32     31.0 
2021  7  1 10 16 17   46.39   14.32    -14.0 
2021  7  1 10 16 45   46.38   14.34    -17.0 
2021  7  1 10 16 45   46.37   14.31     -6.0 
2021  7  1 10 17 48   46.33   13.89      9.0 
2021  7  1 10 17 48   46.32   13.87    -16.0 
2021  7  1 10 17 48   46.31   13.88    -20.0 
2021  7  1 10 17 48   46.31   13.85    -39.0 
2021  7  1 10 19 10   46.37   14.38     61.0 
2021  7  1 10 27 40   46.35   14.43     45.0 
2021  7  1 10 32 46   46.47   14.55     30.0 
2021  7  1 10 37 27   46.37   14.48    -20.0 
2021  7  1 10 37 27   46.37   14.49     37.0 
2021  7  1 10 43 12   46.36   14.58    -33.0 
2021  7  1 10 43 12   46.35   14.57    -39.0 
2021  7  1 10 43 12   46.36   14.58    -26.0 
2021  7  1 10 43 12   46.39   14.55     21.0 
2021  7  1 10 46 33   46.47   14.63     19.0 
2021  7  1 10 46 34   46.45   14.60     53.0 
2021  7  1 10 57 11   46.29   14.77     -8.0 
2021  7  1 10 57 24   46.26   14.78    -22.0 
2021  7  1 10 57 24   46.28   14.79    -14.0 
2021  7  1 10 57 24   46.27   14.77    -16.0 
2021  7  1 10 57 24   46.27   14.77    -15.0 
2021  7  1 10 57 24   46.29   14.79    -11.0 
2021  7  1 10 57 24   46.27   14.80    -16.0 
2021  7  1 10 57 24   46.27   14.79    -17.0 
2021  7  1 10 59 52   46.42   14.75     68.0 
2021  7  1 11  1  8   46.31   14.79    -16.0 
2021  7  1 11  7 11   46.42   14.88    -18.0 
2021  7  1 11  7 11   46.43   14.85    -22.0 
2021  7  1 11  7 12   46.43   14.85    -23.0 
2021  7  1 11  7 12   46.43   14.85    -26.0 
2021  7  1 11  8 21   46.43   14.82     67.0 
2021  7  1 11  8 22   46.42   14.81    -11.0 
2021  7  1 11 10 33   46.28   14.82    -10.0 
2021  7  1 11 10 34   46.27   14.82    -55.0 
2021  7  1 11 11 43   46.26   14.83    -24.0 
2021  7  1 11 11 43   46.27   14.83    -19.0 
2021  7  1 11 12  6   46.25   14.85    -15.0 
2021  7  1 11 12 20   46.27   14.88    -17.0 
2021  7  1 11 12 20   46.28   14.88    -14.0 
2021  7  1 11 13  1   46.41   14.88    -13.0 
2021  7  1 11 13  1   46.42   14.87     42.0 
2021  7  1 11 14 17   46.27   14.85    -18.0 
2021  7  1 11 22  8   46.28   14.95    -32.0 
2021  7  1 11 26 49   46.24   14.88    -40.0 
2021  7  1 11 30 33   46.18   14.95    -40.0 
2021  7  1 11 32 36   46.25   14.98    -30.0 
2021  7  1 11 32 36   46.24   14.97    -11.0 
2021  7  1 11 33 38   46.12   14.91    -17.0 
2021  7  1 11 33 39   46.13   14.95    -23.0 
2021  7  1 11 33 39   46.14   14.95    -23.0 
2021  7  1 11 33 39   46.13   14.94    -22.0 
2021  7  1 11 33 39   46.12   14.92    -17.0 
2021  7  1 11 34 40   46.00   14.84    -20.0 
2021  7  1 11 34 40   46.00   14.84    -19.0 
2021  7  1 11 38 53   46.18   14.98    -20.0 
2021  7  1 11 38 53   46.19   14.98    -14.0 
2021  7  1 11 43 53   46.26   15.10    -33.0 
2021  7  1 11 43 53   46.26   15.09    -11.0 
2021  7  1 11 44 23   46.14   14.94    -41.0 
2021  7  1 11 45  1   46.14   14.98    -39.0 
2021  7  1 11 46 14   46.10   14.89    -17.0 
2021  7  1 11 46 14   46.06   14.90    -38.0 
2021  7  1 11 46 14   46.07   14.90    -29.0 
2021  7  1 11 46 14   46.06   14.89    -32.0 
2021  7  1 11 46 15   46.07   14.90    -40.0 
2021  7  1 11 46 15   46.05   14.89    -54.0 
2021  7  1 11 48 38   46.00   14.85     -3.0 
2021  7  1 11 49 53   46.09   14.93    -19.0 
2021  7  1 11 49 53   46.09   14.91    -21.0 
2021  7  1 11 49 53   46.06   14.88    -14.0 
2021  7  1 11 50 16   46.11   14.93    -14.0 
2021  7  1 11 50 16   46.16   15.04    -20.0 
2021  7  1 11 50 56   46.01   14.88    -41.0 
2021  7  1 11 50 56   46.01   14.84     23.0 
2021  7  1 11 51 13   46.06   14.92      6.0 
2021  7  1 11 51 26   46.18   15.04    -44.0 
2021  7  1 11 51 26   46.18   15.03    -17.0 
2021  7  1 11 51 29   46.03   14.91      7.0 
2021  7  1 11 52  5   46.17   15.03    -30.0 
2021  7  1 11 52  6   46.16   15.02    -14.0 
2021  7  1 11 52  6   46.17   15.04    -23.0 
2021  7  1 11 52 39   46.11   15.34    -18.0 
2021  7  1 11 52 39   46.12   15.34    -24.0 
2021  7  1 11 52 39   46.13   15.36    -15.0 
2021  7  1 11 53 14   46.03   14.93    -16.0 
2021  7  1 11 53 15   46.08   14.97    -37.0 
2021  7  1 11 53 15   46.08   14.97    -22.0 
2021  7  1 11 53 50   46.11   15.01    -22.0 
2021  7  1 11 54 25   46.07   14.97    -30.0 
2021  7  1 11 56 41   46.02   15.02    -34.0 
2021  7  1 11 56 41   46.03   15.02    -20.0 
2021  7  1 11 57 18   46.05   14.96    -15.0 
2021  7  1 11 58 46   46.16   15.08    -44.0 
2021  7  1 11 58 46   46.16   15.06    -17.0 
2021  7  1 12  0 26   46.03   14.92    -21.0 
2021  7  1 12  0 42   46.46   15.31    -47.0 
2021  7  1 12  0 50   46.19   15.28    -59.0 
2021  7  1 12  0 50   46.19   15.28    -15.0 
2021  7  1 12  1 46   46.00   14.91    -22.0 
2021  7  1 12  1 46   46.01   14.93    -36.0 
2021  7  1 12  1 46   46.01   14.91    -23.0 
2021  7  1 12  2 16   46.01   14.88     -4.0 
2021  7  1 12  2 48   46.01   14.92    -17.0 
2021  7  1 12  2 48   46.02   14.94    -20.0 
2021  7  1 12  2 48   46.01   14.89    -21.0 
2021  7  1 12  2 48   46.01   14.90    -26.0 
2021  7  1 12  2 48   46.01   14.90    -27.0 
2021  7  1 12  2 48   46.01   14.89    -25.0 
2021  7  1 12  2 49   46.06   14.95    -12.0 
2021  7  1 12  5 17   46.20   15.00    -37.0 
2021  7  1 12  5 17   46.20   14.98    -15.0 
2021  7  1 12  5 17   46.22   15.00    -16.0 
2021  7  1 12  5 40   46.03   14.97    -18.0 
2021  7  1 12  5 40   46.02   14.95    -19.0 
2021  7  1 12  5 58   46.12   14.61     35.0 
2021  7  1 12  6  7   46.16   15.35    -25.0 
2021  7  1 12  6  7   46.16   15.34    -16.0 
2021  7  1 12  6  7   46.16   15.33    -18.0 
2021  7  1 12  6  7   46.17   15.33    -18.0 
2021  7  1 12  6 54   46.16   15.34    -12.0 
2021  7  1 12  8  6   46.02   14.99     30.0 
2021  7  1 12  8  6   46.01   14.99      3.0 
2021  7  1 12  8  6   46.04   14.99      7.0 
2021  7  1 12  8  6   46.02   15.00     -9.0 
2021  7  1 12  8  7   46.08   15.05    -48.0 
2021  7  1 12  8  7   46.19   15.09    -44.0 
2021  7  1 12  8  7   46.18   15.08    -38.0 
2021  7  1 12  8  7   46.17   15.06    -42.0 
2021  7  1 12  8 52   46.17   15.34    -17.0 
2021  7  1 12 12 25   46.40   15.62    -33.0 
2021  7  1 12 12 25   46.40   15.62     -9.0 
2021  7  1 12 12 26   46.40   15.62    -32.0 
2021  7  1 12 13  7   46.19   15.31    -55.0 
2021  7  1 12 13  7   46.20   15.31     41.0 
2021  7  1 12 13  8   46.22   15.29    -19.0 
2021  7  1 12 13 43   46.13   15.48    -31.0 
2021  7  1 12 14 38   46.06   15.06     59.0 
2021  7  1 12 17 37   46.20   15.32    -52.0 
2021  7  1 12 17 37   46.19   15.29     -9.0 
2021  7  1 12 21 10   46.03   15.19    -44.0 
2021  7  1 12 22  9   46.13   15.43    -27.0 
2021  7  1 12 22  9   46.13   15.44    -37.0 
2021  7  1 12 22  9   46.10   15.46    -49.0 
2021  7  1 12 22  9   46.11   15.45    -13.0 
2021  7  1 12 22 54   46.12   15.43     23.0 
2021  7  1 12 25 22   46.06   15.17    -26.0 
2021  7  1 12 25 34   46.16   15.66    -64.0 
2021  7  1 12 25 34   46.13   15.66     94.0 
2021  7  1 12 27 58   46.10   15.07     77.0 
2021  7  1 12 29 14   46.03   15.28    -45.0 
2021  7  1 12 29 14   46.02   15.28    -35.0 
2021  7  1 12 29 14   46.01   15.27    -46.0 
2021  7  1 12 29 14   46.02   15.23     14.0 
2021  7  1 12 29 39   46.10   15.42    -39.0 
2021  7  1 12 29 40   46.05   15.13   -128.0 
2021  7  1 12 29 40   46.06   15.14    -19.0 
2021  7  1 12 32 59   46.05   15.49     64.0 
2021  7  1 12 36 51   46.55   15.95    -12.0 
2021  7  1 12 36 51   46.54   15.96    -39.0 
2021  7  1 12 39 36   46.19   15.50     48.0 
2021  7  1 12 39 36   46.05   15.27    -64.0 
2021  7  1 12 39 36   46.05   15.27    -34.0 
2021  7  1 12 39 36   46.06   15.29    -22.0 
2021  7  1 12 39 36   46.04   15.17    104.0 
2021  7  1 12 43  4   46.03   15.43     53.0 
2021  7  1 12 51 50   46.36   15.51    134.0 
2021  7  1 12 56 20   46.41   15.94    -60.0 
2021  7  1 12 56 20   46.42   15.95    -26.0 
2021  7  1 12 56 20   46.40   15.92    -17.0 
2021  7  1 13  0 22   46.14   15.68    -31.0 
2021  7  1 13  0 22   46.15   15.64     39.0 
2021  7  1 13 12 57   46.04   15.57    -31.0 
2021  7  1 13 12 57   46.05   15.57    -19.0 
2021  7  1 13 12 58   46.05   15.57    -19.0 
2021  7  1 13 17 28   46.16   15.82     98.0 
2021  7  1 13 21 49   46.16   15.53     57.0 
2021  7  1 13 26 51   50.39   14.34     19.0 
2021  7  1 13 35 44   46.15   15.86     61.0 
2021  7  1 13 35 45   46.19   15.56     53.0 
2021  7  1 13 40 42   46.12   15.92     39.0 
2021  7  1 13 41 41   53.42    9.54     43.0 
2021  7  1 14 22 15   53.39    9.81     66.0 
2021  7  1 14 22 15   53.41    9.84    -17.0 
2021  7  1 15 45  1   46.31   13.39     34.0 
2021  7  1 16 26 36   46.12   13.56     60.0 
2021  7  1 16 27 45   49.24   15.17     32.0 
2021  7  1 16 29 16   49.23   15.16    -11.0 
2021  7  1 16 30 16   46.14   13.54     64.0 
2021  7  1 16 57 46   46.20   13.47    -34.0 
