2021  7 19 13 20  9   48.33    8.31     12.0 
2021  7 19 14 15 22   48.41   14.74    -13.0 
2021  7 19 14 29 22   47.70    7.91    -23.0 
2021  7 19 14 29 22   47.69    7.95    -11.0 
2021  7 19 14 33 14   48.24    8.32    -10.0 
2021  7 19 14 33 14   48.22    8.30    -26.0 
2021  7 19 14 33 41   48.22    8.31     -6.0 
2021  7 19 14 33 41   48.22    8.31    -36.0 
2021  7 19 14 33 41   48.23    8.31     -7.0 
2021  7 19 14 33 59   48.22    8.33     27.0 
2021  7 19 14 34 29   48.23    8.31      2.0 
2021  7 19 14 35  0   48.22    8.29     -9.0 
2021  7 19 14 35  0   48.23    8.30     -9.0 
2021  7 19 14 35  0   48.21    8.32     10.0 
2021  7 19 14 35 37   48.21    8.32     19.0 
2021  7 19 14 35 58   48.23    8.27     -6.0 
2021  7 19 14 35 58   48.23    8.35    -11.0 
2021  7 19 14 36 45   48.21    8.31    -19.0 
2021  7 19 14 36 45   48.21    8.27     -7.0 
2021  7 19 14 37 49   48.22    8.32    -23.0 
2021  7 19 14 37 49   48.21    8.35    -14.0 
2021  7 19 14 37 49   48.22    8.34    -11.0 
2021  7 19 14 39 33   48.21    8.32     -8.0 
2021  7 19 14 40 58   48.23    8.34     22.0 
2021  7 19 14 43 49   48.21    8.32    -20.0 
2021  7 19 14 43 49   48.21    8.36     -8.0 
2021  7 19 14 48 13   48.14    8.32    -24.0 
2021  7 19 15  0 59   48.66   13.98    -48.0 
2021  7 19 15 12 16   47.89    8.16    -38.0 
2021  7 19 15 12 16   47.89    8.16     -9.0 
2021  7 19 15 12 25   47.94    8.14      3.0 
2021  7 19 15 12 25   47.95    8.11     -6.0 
2021  7 19 15 12 43   47.96    8.10     -8.0 
2021  7 19 15 13 51   47.91    8.15      5.0 
2021  7 19 15 13 51   47.90    8.18    -13.0 
2021  7 19 15 13 52   47.88    8.14    -21.0 
2021  7 19 15 15 11   47.95    8.10     -6.0 
2021  7 19 15 15 11   47.94    8.09    -17.0 
2021  7 19 15 15 11   47.94    8.10     -8.0 
2021  7 19 15 15 12   47.94    8.11     -3.0 
2021  7 19 15 16 50   47.89    8.17     -9.0 
2021  7 19 15 16 51   47.94    8.12    -18.0 
2021  7 19 15 16 51   47.94    8.11    -26.0 
2021  7 19 15 16 51   47.95    8.12    -19.0 
2021  7 19 15 20  6   47.94    8.10     -7.0 
2021  7 19 15 22 18   47.97    8.17    -27.0 
2021  7 19 15 33 33   47.96    8.11    -27.0 
2021  7 19 15 42  2   48.63   14.30    -12.0 
2021  7 19 15 43 24   47.94    8.12    -22.0 
2021  7 19 15 44 25   48.14   15.64     52.0 
2021  7 19 15 44 25   48.15   15.62    -29.0 
2021  7 19 15 44 25   48.15   15.64     30.0 
2021  7 19 16  1 25   47.68    8.13     -3.0 
2021  7 19 16  1 29   47.68    8.15      2.0 
2021  7 19 16  1 37   47.68    8.14     -2.0 
2021  7 19 16  1 37   47.68    8.14     -3.0 
2021  7 19 16  2 42   47.68    8.14      1.0 
2021  7 19 16  3 58   47.66    8.16     -3.0 
2021  7 19 16  4 26   47.67    8.16     -2.0 
2021  7 19 16 14 38   48.68   11.90     37.0 
2021  7 19 16 22 28   48.58   13.44     32.0 
2021  7 19 16 22 28   48.59   13.43     -7.0 
2021  7 19 16 23 29   47.61    8.16    -16.0 
2021  7 19 16 23 30   47.62    8.18     -3.0 
2021  7 19 16 23 30   47.62    8.17     -2.0 
2021  7 19 16 23 30   47.63    8.17     -7.0 
2021  7 19 16 24 42   48.63   11.83    -48.0 
2021  7 19 16 24 42   48.63   11.82    -13.0 
2021  7 19 16 24 43   48.63   11.83     -8.0 
2021  7 19 16 24 53   47.63    8.16     -3.0 
2021  7 19 16 24 53   47.64    8.13    -13.0 
2021  7 19 16 24 53   47.64    8.16     -8.0 
2021  7 19 16 24 53   47.63    8.16    -17.0 
2021  7 19 16 24 53   47.63    8.16    -12.0 
2021  7 19 16 24 53   47.64    8.13     -7.0 
2021  7 19 16 26 19   47.64    8.21     -4.0 
2021  7 19 16 26 19   47.61    8.23     -7.0 
2021  7 19 16 26 19   47.62    8.19    -22.0 
2021  7 19 16 26 19   47.64    8.15    -10.0 
2021  7 19 16 27 19   47.65    8.12     -3.0 
2021  7 19 16 27 19   47.64    8.12    -10.0 
2021  7 19 16 28 33   47.62    8.11    -10.0 
2021  7 19 16 29  7   47.64    8.19      2.0 
2021  7 19 16 29  7   47.65    8.18      3.0 
2021  7 19 16 29 31   47.62    8.17    -11.0 
2021  7 19 16 30 16   47.62    8.18      9.0 
2021  7 19 16 30 16   47.62    8.13     -2.0 
2021  7 19 16 30 16   47.63    8.20     12.0 
2021  7 19 16 31 16   47.63    8.20     11.0 
2021  7 19 16 31 51   47.63    8.18     -3.0 
2021  7 19 16 31 51   47.63    8.22     -5.0 
2021  7 19 16 31 51   47.63    8.16     -7.0 
2021  7 19 16 33 38   47.62    8.17     39.0 
2021  7 19 16 33 38   47.62    8.19      2.0 
2021  7 19 16 33 38   47.62    8.18     11.0 
2021  7 19 16 34 26   47.63    8.21      8.0 
2021  7 19 16 35 34   47.62    8.20      3.0 
2021  7 19 16 36 51   47.61    8.18     80.0 
2021  7 19 16 36 51   47.62    8.21     16.0 
2021  7 19 16 36 51   47.62    8.19      3.0 
2021  7 19 16 37 44   47.62    8.21     10.0 
2021  7 19 16 37 44   47.59    8.21    -11.0 
2021  7 19 16 37 44   47.59    8.22    -14.0 
2021  7 19 16 39  0   47.58    8.21     13.0 
2021  7 19 16 39  0   47.60    8.20      8.0 
2021  7 19 16 41  7   47.62    8.18     25.0 
2021  7 19 16 41  7   47.61    8.20    -18.0 
2021  7 19 16 41  7   47.62    8.18    -22.0 
2021  7 19 16 41  7   47.61    8.21    -14.0 
2021  7 19 16 41  7   47.62    8.21     -2.0 
2021  7 19 16 41  7   47.62    8.19    -15.0 
2021  7 19 16 41  7   47.61    8.22     -2.0 
2021  7 19 16 44 59   47.60    8.20    -17.0 
2021  7 19 16 44 59   47.61    8.23    -25.0 
2021  7 19 16 44 59   47.60    8.17     -8.0 
2021  7 19 16 44 59   47.60    8.20     21.0 
2021  7 19 16 44 59   47.60    8.13      2.0 
2021  7 19 16 44 59   47.60    8.22     -3.0 
2021  7 19 16 48 25   47.60    8.25     12.0 
2021  7 19 16 48 25   47.60    8.22     10.0 
2021  7 19 16 48 25   47.62    8.25      2.0 
2021  7 19 16 48 25   47.59    8.18      9.0 
2021  7 19 16 50 39   47.60    8.24      7.0 
2021  7 19 16 50 39   47.61    8.25      7.0 
2021  7 19 16 50 39   47.61    8.24      2.0 
2021  7 19 16 52 45   47.59    8.23     21.0 
2021  7 19 16 52 45   47.59    8.23     -9.0 
2021  7 19 16 52 46   47.59    8.21    -10.0 
2021  7 19 16 56 35   48.50   11.37    -50.0 
2021  7 19 16 56 35   48.51   11.39    -17.0 
2021  7 19 16 59 54   51.25    9.31   -137.0 
2021  7 19 16 59 54   51.26    9.30     46.0 
2021  7 19 16 59 54   51.25    9.30    -11.0 
2021  7 19 17  2 40   51.25    9.32    -93.0 
2021  7 19 17  2 40   51.24    9.34    -10.0 
2021  7 19 17  7  4   51.23    9.39     46.0 
2021  7 19 17  7  4   51.21    9.31    -21.0 
2021  7 19 17  8  8   51.23    9.39    -30.0 
2021  7 19 17  8  8   51.25    9.40    -14.0 
2021  7 19 17  8  8   51.22    9.27     -8.0 
2021  7 19 17  8 54   51.23    9.43    -28.0 
2021  7 19 17  8 54   51.24    9.41    -22.0 
2021  7 19 17  8 54   51.21    9.39     27.0 
2021  7 19 17  8 54   51.22    9.40    -24.0 
2021  7 19 17  9 24   51.23    9.42    -24.0 
2021  7 19 17  9 24   51.23    9.38    -21.0 
2021  7 19 17  9 24   51.24    9.39     -2.0 
2021  7 19 17  9 24   51.24    9.42     -6.0 
2021  7 19 17 10  1   51.22    9.44    -34.0 
2021  7 19 17 10 44   51.23    9.44    -46.0 
2021  7 19 17 10 44   51.22    9.41    -29.0 
2021  7 19 17 10 44   51.22    9.39    -10.0 
2021  7 19 17 11 55   51.22    9.43    -67.0 
2021  7 19 17 11 55   51.24    9.40     -2.0 
2021  7 19 17 11 55   51.19    9.39    -14.0 
2021  7 19 17 11 55   51.24    9.42     -5.0 
2021  7 19 17 11 55   51.24    9.41    -21.0 
2021  7 19 17 11 55   51.22    9.41     -4.0 
2021  7 19 17 12 29   51.22    9.43    -26.0 
2021  7 19 17 12 29   51.23    9.45    -15.0 
2021  7 19 17 12 29   51.22    9.44     -9.0 
2021  7 19 17 13 17   47.40    8.15      6.0 
2021  7 19 17 13 17   47.39    8.11     -4.0 
2021  7 19 17 13 17   47.39    8.11     -7.0 
2021  7 19 17 13 48   51.23    9.43    -61.0 
2021  7 19 17 13 48   51.24    9.42     -4.0 
2021  7 19 17 13 48   51.23    9.43    -23.0 
2021  7 19 17 13 48   51.24    9.44     -2.0 
2021  7 19 17 15 20   51.22    9.45     79.0 
2021  7 19 17 17 38   51.23    9.44      2.0 
2021  7 19 17 17 38   51.21    9.37     -2.0 
2021  7 19 17 17 38   51.22    9.48      4.0 
2021  7 19 17 17 38   51.18    9.44    -19.0 
2021  7 19 17 19 33   51.19    9.48     -7.0 
2021  7 19 17 19 33   51.24    9.34    -23.0 
2021  7 19 17 21 31   51.19    9.48    -19.0 
2021  7 19 17 25 22   51.19    9.54    -98.0 
2021  7 19 17 25 22   51.19    9.53      2.0 
2021  7 19 17 25 22   51.18    9.53     -9.0 
2021  7 19 17 25 22   51.19    9.51    -11.0 
2021  7 19 17 28 56   48.45   11.37    -11.0 
2021  7 19 17 29 24   47.36    8.04     -3.0 
2021  7 19 17 29 24   47.35    8.04    -10.0 
2021  7 19 17 30 42   48.10   13.09    -22.0 
2021  7 19 17 30 48   47.37    8.07     -2.0 
2021  7 19 17 30 48   47.37    8.01    -11.0 
2021  7 19 17 32 53   48.12   13.04    -55.0 
2021  7 19 17 32 53   48.09   13.10     -7.0 
2021  7 19 17 33 27   48.10   13.11     -3.0 
2021  7 19 17 33 42   48.11   13.03     -2.0 
2021  7 19 17 34 19   48.09   13.08     -6.0 
2021  7 19 17 35 35   47.32    8.00    -22.0 
2021  7 19 17 37  2   48.07   13.09      2.0 
2021  7 19 17 37  2   48.06   13.05     34.0 
2021  7 19 17 44  0   48.06   13.08    -30.0 
2021  7 19 17 58 21   48.51   11.55     -5.0 
2021  7 19 17 58 21   48.51   11.55    -12.0 
2021  7 19 17 58 21   48.51   11.56     -4.0 
2021  7 19 18 12 27   47.93   13.17     47.0 
2021  7 19 18 14 27   47.93   13.17      7.0 
2021  7 19 18 22 45   48.53   11.75    -23.0 
2021  7 19 18 22 45   48.53   11.75    -11.0 
2021  7 19 18 24 50   48.53   11.76      5.0 
2021  7 19 18 30 37   50.79    9.71    -40.0 
2021  7 19 18 32  7   48.35   15.80    -19.0 
2021  7 19 18 34 45   50.80    9.83    -94.0 
2021  7 19 18 36 19   47.85   13.28     28.0 
2021  7 19 18 36 40   50.80    9.83     11.0 
2021  7 19 18 39 30   47.83   13.27     41.0 
2021  7 19 18 39 30   47.85   13.31      9.0 
2021  7 19 18 42 16   50.81    9.87     23.0 
2021  7 19 18 44 22   50.79    9.87     17.0 
2021  7 19 18 44 22   50.73    9.83    -39.0 
2021  7 19 18 54 36   47.79   13.45    -36.0 
2021  7 19 18 54 37   47.80   13.47     -6.0 
2021  7 19 18 54 37   47.80   13.46     -8.0 
2021  7 19 18 54 37   47.79   13.46    -14.0 
2021  7 19 18 58 28   47.77   13.39      9.0 
2021  7 19 18 58 29   47.82   13.44    -15.0 
2021  7 19 18 58 29   47.80   13.43    -35.0 
2021  7 19 18 58 29   47.79   13.43    -19.0 
2021  7 19 19  0 20   47.81   13.48     14.0 
2021  7 19 19  0 20   47.82   13.46     -2.0 
2021  7 19 19  0 20   47.82   13.47     -2.0 
2021  7 19 19  2 54   47.82   13.51    -26.0 
2021  7 19 19  2 54   47.81   13.50    -43.0 
2021  7 19 19  2 55   47.80   13.49    -17.0 
2021  7 19 19  3 49   47.79   13.44     19.0 
2021  7 19 19  6  4   47.82   13.52      6.0 
2021  7 19 19  6 55   47.81   11.97     27.0 
2021  7 19 19  6 55   47.82   11.99     -2.0 
2021  7 19 19  9  7   50.69   10.09    -79.0 
2021  7 19 19  9  7   50.68   10.12    -29.0 
2021  7 19 19  9  8   50.69   10.08    -46.0 
2021  7 19 19  9  8   50.73   10.09     21.0 
2021  7 19 19  9 34   47.79   13.51     20.0 
2021  7 19 19  9 34   47.81   13.50    -16.0 
2021  7 19 19 11 13   50.70   10.08   -130.0 
2021  7 19 19 11 13   50.72   10.12    -13.0 
2021  7 19 19 11 13   50.70   10.07    -30.0 
2021  7 19 19 11 13   50.70   10.08    -51.0 
2021  7 19 19 14  4   47.75   13.53    -16.0 
2021  7 19 19 19 23   47.82   13.61    -19.0 
2021  7 19 19 20  5   48.65   12.01     16.0 
2021  7 19 19 20  5   48.67   12.00    -14.0 
2021  7 19 19 20  5   48.69   11.99     34.0 
2021  7 19 19 21 51   47.76   12.12     47.0 
2021  7 19 19 23  0   48.63   11.99    -17.0 
2021  7 19 19 23  0   48.66   11.94    -34.0 
2021  7 19 19 23  0   48.66   11.94    -16.0 
2021  7 19 19 24  3   48.68   11.93    -30.0 
2021  7 19 19 27 20   48.64   11.93    -26.0 
2021  7 19 19 29 23   47.77   13.64    -27.0 
2021  7 19 19 29 43   48.66   11.93    -32.0 
2021  7 19 20 38 24   46.03   10.47    -50.0 
2021  7 19 20 38 24   46.03   10.45    -21.0 
2021  7 19 20 38 24   46.06   10.46     -2.0 
2021  7 19 20 58 58   48.33   12.87    -18.0 
2021  7 19 20 58 58   48.36   12.90    -12.0 
2021  7 19 21  3 51   48.22   10.83    -13.0 
2021  7 19 21 57 32   48.57   13.07    -19.0 
2021  7 19 21 57 32   48.56   13.08    -15.0 
2021  7 19 21 57 32   48.56   13.07     -9.0 
2021  7 19 21 57 32   48.57   13.11    -20.0 
2021  7 19 21 57 54   48.57   13.08     44.0 
2021  7 19 21 58 23   48.57   13.09     18.0 
2021  7 19 21 58 55   48.57   13.09    -12.0 
2021  7 19 22  0 25   48.51   13.10    -64.0 
2021  7 19 22  3 39   48.56   13.08     18.0 
2021  7 19 22  8  8   48.53   13.14    -32.0 
2021  7 19 22 13 14   48.60   11.15     12.0 
2021  7 19 22 29 42   48.54   11.20    -28.0 
2021  7 19 22 30 30   48.76   11.37    -10.0 
2021  7 19 22 30 37   48.51   13.29     49.0 
2021  7 19 22 30 37   48.51   13.29     17.0 
2021  7 19 22 32 31   48.49   13.38     -9.0 
2021  7 19 22 32 31   48.50   13.38    -16.0 
2021  7 19 22 33 42   48.50   13.30     44.0 
2021  7 19 22 33 42   48.52   13.32      8.0 
2021  7 19 22 36 54   48.37   13.51    -14.0 
2021  7 19 22 39 33   48.68   11.62    -24.0 
2021  7 19 22 40 10   48.34   13.55    -19.0 
2021  7 19 22 40 28   48.42   11.17     59.0 
2021  7 19 22 41 36   47.63   11.57     -9.0 
2021  7 19 22 41 36   47.64   11.56    -56.0 
2021  7 19 22 42 30   48.47   11.19     38.0 
2021  7 19 22 51  2   48.48   11.30    -15.0 
2021  7 19 22 58 22   48.46   11.36    -11.0 
2021  7 19 23  2 28   48.79   11.63    -37.0 
2021  7 19 23  5 31   48.70   11.93    -60.0 
2021  7 19 23  5 31   48.71   11.96     -9.0 
2021  7 19 23 30 23   48.07   13.92     61.0 
2021  7 19 23 32 25   48.53   12.20     80.0 
2021  7 19 23 33  2   48.27   13.88    -66.0 
2021  7 19 23 33  2   48.25   13.90     11.0 
2021  7 19 23 33  3   48.28   13.85    -15.0 
2021  7 19 23 33  3   48.30   13.86    -15.0 
2021  7 19 23 33 31   48.59   12.21    -11.0 
2021  7 19 23 33 31   48.59   12.21    -22.0 
2021  7 19 23 41 20   48.32   11.78     28.0 
2021  7 19 23 45 52   48.36   11.78     32.0 
2021  7 19 23 48 12   48.40   11.84    -30.0 
2021  7 19 23 48 55   48.59   12.24     22.0 
2021  7 19 23 48 55   48.56   12.38    -27.0 
2021  7 19 23 48 56   48.55   12.37     19.0 
2021  7 19 23 54 23   48.54   12.41    -51.0 
2021  7 19 23 54 23   48.51   12.35    -13.0 
2021  7 19 23 54 23   48.53   12.40     -9.0 
2021  7 19 23 54 24   48.53   12.31      2.0 
2021  7 19 23 54 24   48.52   12.36    -40.0 
2021  7 19 23 54 24   48.51   12.35    -16.0 
2021  7 19 23 56  5   48.50   12.35     24.0 
2021  7 19 23 56  5   48.53   12.33     13.0 
2021  7 19 23 56  6   48.54   12.36     41.0 
2021  7 19 23 56  6   48.54   12.40      5.0 
2021  7 19 23 56  6   48.51   12.43    -16.0 
