2021  6  1 12 24 25   46.73    6.05     78.0 
2021  6  1 12 24 25   46.74    6.07      9.0 
2021  6  1 12 26 45   46.76    6.08    -44.0 
2021  6  1 12 35 22   46.76    6.07     56.0 
2021  6  1 13 36 57   46.90    6.01    104.0 
2021  6  1 13 40 27   53.19   15.91    -23.0 
2021  6  1 13 40 27   53.20   15.92    -15.0 
2021  6  1 13 40 27   53.20   15.93     -7.0 
2021  6  1 13 42 12   53.17   15.90     -2.0 
2021  6  1 13 54 17   46.96    6.13    -30.0 
2021  6  1 13 54 17   46.95    6.13     10.0 
2021  6  1 14  7 24   46.98    6.03     56.0 
2021  6  1 14  7 24   47.00    6.04      8.0 
2021  6  1 14  7 58   47.06    6.11     32.0 
2021  6  1 14 24  0   53.09   15.83     48.0 
2021  6  1 14 24 27   51.56   13.51    -10.0 
2021  6  1 14 24 40   51.54   13.50     -2.0 
2021  6  1 14 24 45   53.08   15.86    -19.0 
2021  6  1 14 25 13   53.08   15.81     72.0 
2021  6  1 14 26 40   51.52   13.50     22.0 
2021  6  1 14 31 51   51.51   13.46     64.0 
2021  6  1 14 34 10   47.04    6.10     49.0 
2021  6  1 14 34 47   53.03   15.83    -42.0 
2021  6  1 14 34 47   53.03   15.84     -4.0 
2021  6  1 14 34 56   47.04    6.13      6.0 
2021  6  1 14 35 31   53.03   15.82      5.0 
2021  6  1 14 36 28   51.57   13.38     55.0 
2021  6  1 14 37 38   53.03   15.80    -15.0 
2021  6  1 14 39 18   53.02   15.86    -37.0 
2021  6  1 14 39 18   53.05   15.85      3.0 
2021  6  1 14 40 27   53.00   15.85    -79.0 
2021  6  1 14 40 27   52.98   15.87     10.0 
2021  6  1 14 41 18   53.03   15.85    -39.0 
2021  6  1 14 42  9   53.00   15.85     -3.0 
2021  6  1 14 43 13   51.45   13.54     44.0 
2021  6  1 14 44  4   53.02   15.87    -49.0 
2021  6  1 14 44 12   47.07    6.10     34.0 
2021  6  1 14 44 45   51.61   14.10    -23.0 
2021  6  1 14 44 53   53.01   15.94     -2.0 
2021  6  1 14 44 53   52.99   15.81     -3.0 
2021  6  1 14 45  1   51.47   13.51     50.0 
2021  6  1 14 45  1   51.46   13.52     -3.0 
2021  6  1 14 45 39   51.45   13.49     45.0 
2021  6  1 14 45 39   51.46   13.56    -11.0 
2021  6  1 14 45 39   51.45   13.58      3.0 
2021  6  1 14 45 50   47.08    6.15    -19.0 
2021  6  1 14 45 57   52.98   15.89     19.0 
2021  6  1 14 46  0   47.08    6.13      3.0 
2021  6  1 14 46 25   47.09    6.10    -34.0 
2021  6  1 14 46 25   47.09    6.17     -6.0 
2021  6  1 14 46 55   52.98   15.84    -23.0 
2021  6  1 14 46 55   52.99   15.87    -18.0 
2021  6  1 14 47 12   52.98   15.89    -17.0 
2021  6  1 14 48 17   52.99   15.85      3.0 
2021  6  1 14 49  8   53.04   15.89     45.0 
2021  6  1 14 50 22   52.97   15.88     57.0 
2021  6  1 14 51 20   52.98   15.89    -61.0 
2021  6  1 14 51 20   52.99   15.92      3.0 
2021  6  1 14 51 20   52.98   15.91     12.0 
2021  6  1 14 52  4   52.97   15.83     25.0 
2021  6  1 14 52 39   47.11    6.16    -60.0 
2021  6  1 14 54  4   47.14    6.12     -3.0 
2021  6  1 14 55 18   52.98   15.89     20.0 
2021  6  1 14 58 10   52.96   15.84     65.0 
2021  6  1 14 58 10   52.94   15.86     -7.0 
2021  6  1 14 58 45   51.42   13.62     43.0 
2021  6  1 14 58 45   51.41   13.57      3.0 
2021  6  1 14 59 59   53.00   15.88     36.0 
2021  6  1 15  0 12   51.37   14.64   -106.0 
2021  6  1 15  0 12   51.38   14.64    -10.0 
2021  6  1 15  0 12   51.37   14.65     -7.0 
2021  6  1 15  1 23   51.42   13.60     43.0 
2021  6  1 15  3  3   51.38   14.65      9.0 
2021  6  1 15  4 13   51.39   13.61    -48.0 
2021  6  1 15  4 13   51.41   13.60    -24.0 
2021  6  1 15  5 12   51.41   13.66     -7.0 
2021  6  1 15  5 12   51.37   13.57    -20.0 
2021  6  1 15  5 12   51.42   13.55     -3.0 
2021  6  1 15  5 28   51.43   13.60      2.0 
2021  6  1 15  5 43   51.38   13.65     -4.0 
2021  6  1 15  5 43   51.38   13.64     -8.0 
2021  6  1 15  5 47   53.04   15.96    -67.0 
2021  6  1 15  6  6   51.37   13.61    -17.0 
2021  6  1 15  6 21   51.38   14.62    -39.0 
2021  6  1 15  8 10   51.38   13.63     -5.0 
2021  6  1 15  8 41   51.37   13.65     14.0 
2021  6  1 15  8 41   51.37   13.65     -3.0 
2021  6  1 15 11 11   51.38   13.63     -2.0 
2021  6  1 15 11 12   51.38   13.62     -3.0 
2021  6  1 15 17  1   52.79   15.84    -28.0 
2021  6  1 15 17  1   52.79   15.81    132.0 
2021  6  1 15 18  1   52.77   15.83    -13.0 
2021  6  1 15 18 17   51.35   14.63     42.0 
2021  6  1 15 18 17   51.35   14.77    -29.0 
2021  6  1 15 22 41   51.32   14.68    151.0 
2021  6  1 15 22 41   51.32   14.66      3.0 
2021  6  1 15 25 27   51.37   14.60    110.0 
2021  6  1 15 28 54   51.36   14.60     99.0 
2021  6  1 15 40 48   51.32   14.53      4.0 
2021  6  1 15 40 48   51.31   14.54    -16.0 
2021  6  1 15 40 48   51.31   14.55    -25.0 
2021  6  1 15 44  6   52.74   15.94     44.0 
2021  6  1 15 46  0   52.74   15.96     31.0 
2021  6  1 15 54 42   51.28   13.70    -37.0 
2021  6  1 15 57 25   52.70   15.98     55.0 
2021  6  1 16  1  4   51.28   13.52     29.0 
2021  6  1 16  1  4   51.30   13.64    -31.0 
2021  6  1 16  1  4   51.28   13.63    -14.0 
2021  6  1 16  4 48   51.27   14.16      5.0 
2021  6  1 16  4 48   51.29   14.17    107.0 
2021  6  1 16  4 48   51.33   14.14    -11.0 
2021  6  1 16  4 48   51.33   14.14     -4.0 
2021  6  1 16  6  1   51.30   14.16     46.0 
2021  6  1 16  6  1   51.30   14.19     -3.0 
2021  6  1 16  7  3   51.31   14.12     -3.0 
2021  6  1 16  8 41   52.66   15.57    -62.0 
2021  6  1 16  8 41   52.67   15.56    -16.0 
2021  6  1 16  8 51   51.28   14.27     45.0 
2021  6  1 16  8 51   51.32   14.12    -15.0 
2021  6  1 16 10 46   51.28   14.18     31.0 
2021  6  1 16 10 46   51.28   14.17     -4.0 
2021  6  1 16 11 42   52.65   15.57    118.0 
2021  6  1 16 11 42   52.63   15.57    -16.0 
2021  6  1 16 11 55   51.31   13.16     39.0 
2021  6  1 16 11 55   51.31   13.15      2.0 
2021  6  1 16 14 55   51.25   14.47     62.0 
2021  6  1 16 14 55   51.25   14.49      2.0 
2021  6  1 16 17 33   52.65   15.63   -218.0 
2021  6  1 16 17 33   52.64   15.61    -45.0 
2021  6  1 16 17 33   52.65   15.61    -22.0 
2021  6  1 16 17 44   51.47   12.50     72.0 
2021  6  1 16 18 39   51.46   12.50     -2.0 
2021  6  1 16 18 40   51.48   12.49     -3.0 
2021  6  1 16 32 39   47.05    5.43    -84.0 
2021  6  1 16 33 17   51.20   14.17     64.0 
2021  6  1 16 34 51   52.55   15.73    -65.0 
2021  6  1 16 37  5   52.55   15.76    -42.0 
2021  6  1 16 39 50   51.25   13.39    -67.0 
2021  6  1 16 40 47   52.54   15.73    -53.0 
2021  6  1 16 43 39   51.25   13.37      3.0 
2021  6  1 16 45 21   52.57   15.83   -132.0 
2021  6  1 16 45 21   52.60   15.80    -28.0 
2021  6  1 16 46 19   52.56   15.88    -40.0 
2021  6  1 16 46 53   52.57   15.80    -16.0 
2021  6  1 16 46 53   52.55   15.82      6.0 
2021  6  1 16 49 34   52.54   15.87    -30.0 
2021  6  1 16 49 34   52.53   15.89      7.0 
2021  6  1 16 56 57   52.48   15.86    -23.0 
2021  6  1 17  1  6   52.47   15.85    -29.0 
2021  6  1 17  1  6   52.48   15.85    -22.0 
2021  6  1 17  2 15   52.47   15.88    -19.0 
2021  6  1 17  4 21   52.44   15.83     26.0 
2021  6  1 17 13 53   52.59   15.53     15.0 
2021  6  1 17 13 53   52.54   15.47    -24.0 
2021  6  1 17 16 12   52.59   15.53    -28.0 
2021  6  1 17 16 12   52.59   15.53      2.0 
2021  6  1 17 20 19   46.05    6.29    -18.0 
2021  6  1 17 21 59   46.05    6.29    -12.0 
2021  6  1 17 30 21   46.28    5.74      8.0 
2021  6  1 17 30 21   46.29    5.73      8.0 
2021  6  1 17 30 22   46.29    5.68     48.0 
2021  6  1 17 49 31   46.05    6.25     32.0 
2021  6  1 17 49 31   46.05    6.27     -6.0 
2021  6  1 17 56 47   46.39    5.62     31.0 
2021  6  1 18  0 36   51.00   13.27     29.0 
2021  6  1 18  3 26   46.13    6.24    -36.0 
2021  6  1 18  3 26   46.14    6.23     -5.0 
2021  6  1 18  3 46   46.12    6.21      8.0 
2021  6  1 18  5 30   46.12    6.24    -12.0 
2021  6  1 18  5 30   46.13    6.25     -6.0 
2021  6  1 18  5 30   46.13    6.25     -8.0 
2021  6  1 18  6  7   46.13    6.24     -2.0 
2021  6  1 18  6 45   46.14    6.23     98.0 
2021  6  1 18  8 54   46.13    6.23     -6.0 
2021  6  1 18  8 54   46.10    6.24     -2.0 
2021  6  1 18 17  6   46.51    5.89    -22.0 
2021  6  1 18 27 14   46.14    6.22    -15.0 
2021  6  1 18 29 26   46.13    6.22      9.0 
2021  6  1 18 30 58   46.08    6.26     21.0 
2021  6  1 18 39 52   46.09    6.28     33.0 
2021  6  1 18 41 36   46.21    6.21     60.0 
2021  6  1 18 41 37   46.22    6.20     -3.0 
2021  6  1 18 43 43   46.22    6.20     -2.0 
2021  6  1 18 43 44   46.23    6.21      5.0 
2021  6  1 18 46  8   46.19    6.25     -5.0 
2021  6  1 19  5 54   46.13    6.24    -15.0 
2021  6  1 19  5 54   46.14    6.23     -6.0 
2021  6  1 19  8  4   46.14    6.24     -2.0 
2021  6  1 19 10 29   46.12    6.25    -17.0 
2021  6  1 19 11 50   46.08    6.25     15.0 
2021  6  1 19 12 16   46.18    6.27     34.0 
2021  6  1 19 12 16   46.13    6.27    -13.0 
2021  6  1 19 13 59   46.12    6.26     -2.0 
2021  6  1 19 13 59   46.13    6.25     -3.0 
2021  6  1 19 13 59   46.12    6.24      3.0 
2021  6  1 19 13 59   46.19    6.25      1.0 
2021  6  1 19 15 58   46.12    6.26     -7.0 
2021  6  1 19 15 59   46.17    6.28    -53.0 
2021  6  1 19 15 59   46.17    6.29     17.0 
2021  6  1 19 15 59   46.17    6.29     -6.0 
2021  6  1 19 22 17   46.20    6.24      9.0 
2021  6  1 19 22 17   46.17    6.26    -11.0 
2021  6  1 20  2 29   46.00    6.12     35.0 
2021  6  1 20  2 29   46.05    6.17    -17.0 
2021  6  1 20  2 55   46.43    6.05   -209.0 
2021  6  1 20  2 55   46.42    6.05    -34.0 
2021  6  1 20  2 55   46.42    6.07     -3.0 
2021  6  1 20  9 54   46.42    6.02    -32.0 
2021  6  1 20  9 54   46.42    6.00    -19.0 
2021  6  1 20  9 54   46.42    6.02    -23.0 
2021  6  1 20  9 55   46.37    6.21     21.0 
2021  6  1 20 14 54   46.43    6.00    -46.0 
2021  6  1 20 14 54   46.45    6.03    -11.0 
2021  6  1 20 23 41   46.38    6.00    -15.0 
2021  6  1 20 23 41   46.38    5.92    -30.0 
2021  6  1 20 40 10   46.48    6.11    217.0 
2021  6  1 20 44  7   46.13    6.82    -87.0 
2021  6  1 20 44  7   46.15    6.83     -4.0 
2021  6  1 20 53 22   46.55    6.17    -88.0 
2021  6  1 20 53 22   46.54    6.18     30.0 
2021  6  1 20 53 22   46.53    6.18    -30.0 
2021  6  1 20 59 46   46.01    6.47   -136.0 
2021  6  1 20 59 46   46.05    6.43    -33.0 
2021  6  1 21  2 33   46.54    6.17     42.0 
2021  6  1 21  2 33   46.64    6.26    -27.0 
2021  6  1 21  2 33   46.67    6.10    -21.0 
2021  6  1 21  2 34   46.48    5.96    -28.0 
