2021  6 11  0 12 42   51.49   12.61     45.0 
2021  6 11  9  4 11   48.97   15.82     43.0 
2021  6 11  9 14 24   48.80   15.98    -24.0 
2021  6 11  9 16 21   49.00   15.73    -18.0 
2021  6 11  9 16 21   48.99   15.72    -12.0 
2021  6 11  9 18  0   49.01   15.76      4.0 
2021  6 11  9 19 32   49.00   15.74    -22.0 
2021  6 11  9 19 48   49.00   15.76    -12.0 
2021  6 11  9 20 13   48.99   15.75      2.0 
2021  6 11  9 20 20   48.99   15.75      4.0 
2021  6 11  9 20 35   48.98   15.79     12.0 
2021  6 11  9 20 40   49.01   15.77     -7.0 
2021  6 11  9 21 18   48.99   15.75    -37.0 
2021  6 11  9 22  7   48.98   15.78      5.0 
2021  6 11  9 22 15   48.99   15.80      5.0 
2021  6 11  9 22 24   48.99   15.78     -4.0 
2021  6 11  9 22 32   48.99   15.72      3.0 
2021  6 11  9 22 37   48.98   15.72      4.0 
2021  6 11  9 22 39   49.00   15.79      4.0 
2021  6 11  9 22 39   48.99   15.78     -2.0 
2021  6 11  9 22 39   48.99   15.77    -36.0 
2021  6 11  9 22 59   49.01   15.79    -18.0 
2021  6 11  9 23 18   48.97   15.74      9.0 
2021  6 11  9 23 33   48.74   15.93     15.0 
2021  6 11  9 23 33   48.76   15.95    -24.0 
2021  6 11  9 23 42   48.98   15.78     -6.0 
2021  6 11  9 24  2   49.00   15.77    -14.0 
2021  6 11  9 24  2   48.99   15.78     12.0 
2021  6 11  9 24  2   48.99   15.79     -2.0 
2021  6 11  9 24  2   48.97   15.77    -11.0 
2021  6 11  9 24 18   49.02   15.77     -2.0 
2021  6 11  9 24 39   48.98   15.74     15.0 
2021  6 11  9 24 40   48.98   15.80     -3.0 
2021  6 11  9 24 53   48.99   15.77     -2.0 
2021  6 11  9 25  7   48.98   15.76     -5.0 
2021  6 11  9 25  7   48.97   15.78     -2.0 
2021  6 11  9 25 49   48.98   15.71     26.0 
2021  6 11  9 26  3   48.98   15.73     -4.0 
2021  6 11  9 26  3   48.99   15.77     -2.0 
2021  6 11  9 26 39   48.97   15.72     -4.0 
2021  6 11  9 27 12   49.00   15.81      5.0 
2021  6 11  9 27 22   48.99   15.72     -3.0 
2021  6 11  9 27 40   48.99   15.76     -4.0 
2021  6 11  9 28 15   48.98   15.72    -77.0 
2021  6 11  9 28 15   48.96   15.71     18.0 
2021  6 11  9 28 15   48.96   15.69     11.0 
2021  6 11  9 28 51   48.95   15.71     -7.0 
2021  6 11  9 28 51   49.00   15.76      6.0 
2021  6 11  9 29 10   48.95   15.72      3.0 
2021  6 11  9 29 35   48.98   15.73    -13.0 
2021  6 11  9 29 35   48.98   15.72      3.0 
2021  6 11  9 29 35   48.98   15.71      3.0 
2021  6 11  9 29 56   48.99   15.73     -6.0 
2021  6 11  9 29 56   48.96   15.80     22.0 
2021  6 11  9 29 56   48.97   15.68     -2.0 
2021  6 11  9 31 26   48.94   15.79    -53.0 
2021  6 11  9 31 43   49.17   15.64     25.0 
2021  6 11  9 31 44   48.98   15.72    107.0 
2021  6 11  9 32 35   48.80   15.55     24.0 
2021  6 11  9 32 35   48.81   15.57    -30.0 
2021  6 11  9 33 21   48.79   15.60     84.0 
2021  6 11  9 33 22   48.79   15.58     11.0 
2021  6 11  9 34 35   48.98   15.69    -13.0 
2021  6 11  9 34 35   49.00   15.73    -13.0 
2021  6 11  9 34 44   49.16   15.65      3.0 
2021  6 11  9 35  4   49.00   15.72     -1.0 
2021  6 11  9 35 28   48.79   15.61      3.0 
2021  6 11  9 35 32   48.98   15.69     11.0 
2021  6 11  9 36 16   48.99   15.70     20.0 
2021  6 11  9 36 16   48.98   15.70     -4.0 
2021  6 11  9 37 29   48.97   15.73    -10.0 
2021  6 11  9 40 52   49.02   15.58     44.0 
2021  6 11  9 41 58   48.90   15.68    -26.0 
2021  6 11  9 42 15   48.91   15.68     21.0 
2021  6 11  9 42 15   48.90   15.63     11.0 
2021  6 11  9 42 25   48.87   15.68     -2.0 
2021  6 11  9 42 55   48.91   15.61     27.0 
2021  6 11  9 42 56   48.91   15.70      8.0 
2021  6 11  9 43  8   48.92   15.68      9.0 
2021  6 11  9 43 13   49.01   15.77    -62.0 
2021  6 11  9 43 22   48.90   15.64     -8.0 
2021  6 11  9 43 22   48.90   15.68      3.0 
2021  6 11  9 43 37   48.86   15.60     11.0 
2021  6 11  9 43 37   48.88   15.66     34.0 
2021  6 11  9 43 37   48.89   15.65     -2.0 
2021  6 11  9 43 48   48.89   15.66     60.0 
2021  6 11  9 43 57   48.90   15.68    -43.0 
2021  6 11  9 43 57   48.89   15.64     16.0 
2021  6 11  9 44 26   48.90   15.66    -30.0 
2021  6 11  9 44 26   49.02   15.69     -4.0 
2021  6 11  9 44 26   48.90   15.66    -37.0 
2021  6 11  9 44 26   48.89   15.67    -17.0 
2021  6 11  9 44 32   48.99   15.70      2.0 
2021  6 11  9 44 35   48.90   15.67      3.0 
2021  6 11  9 44 35   48.90   15.68     -4.0 
2021  6 11  9 44 41   49.01   15.69      3.0 
2021  6 11  9 44 58   48.99   15.68    -12.0 
2021  6 11  9 44 59   48.89   15.66      4.0 
2021  6 11  9 45  8   48.93   15.60    -15.0 
2021  6 11  9 45  8   48.87   15.63      7.0 
2021  6 11  9 45 37   48.85   15.65      9.0 
2021  6 11  9 45 48   48.85   15.59     10.0 
2021  6 11  9 46  1   49.01   15.69      3.0 
2021  6 11  9 46  9   48.96   15.73     16.0 
2021  6 11  9 46 29   48.90   15.61    -11.0 
2021  6 11  9 46 45   48.86   15.61      7.0 
2021  6 11  9 46 48   48.90   15.75     -3.0 
2021  6 11  9 47  8   48.89   15.60      9.0 
2021  6 11  9 47 25   48.88   15.66      4.0 
2021  6 11  9 47 25   48.85   15.63      9.0 
2021  6 11  9 48 34   49.02   15.63     20.0 
2021  6 11  9 48 40   48.92   15.66    -49.0 
2021  6 11  9 48 53   48.90   15.68     -5.0 
2021  6 11  9 49 34   48.90   15.67     18.0 
2021  6 11  9 49 47   48.83   15.64     19.0 
2021  6 11  9 49 51   48.87   15.62     -2.0 
2021  6 11  9 49 51   48.88   15.63     -2.0 
2021  6 11  9 49 59   48.89   15.67      1.0 
2021  6 11  9 50 13   48.83   15.67      2.0 
2021  6 11  9 50 20   48.94   15.59     -3.0 
2021  6 11  9 50 25   48.84   15.65    -17.0 
2021  6 11  9 50 25   48.83   15.62      8.0 
2021  6 11  9 50 28   48.73   15.59    -14.0 
2021  6 11  9 50 33   48.85   15.64     11.0 
2021  6 11  9 50 48   48.74   15.64     42.0 
2021  6 11  9 50 54   49.02   15.62      5.0 
2021  6 11  9 50 57   49.54   14.01     94.0 
2021  6 11  9 51 14   48.99   15.73     23.0 
2021  6 11  9 51 26   48.87   15.61      6.0 
2021  6 11  9 51 46   48.84   15.63    -10.0 
2021  6 11  9 51 48   49.52   14.02      4.0 
2021  6 11  9 51 50   48.89   15.71    -16.0 
2021  6 11  9 51 50   48.89   15.67      2.0 
2021  6 11  9 51 50   48.89   15.69      4.0 
2021  6 11  9 51 50   48.91   15.69      2.0 
2021  6 11  9 52 21   48.83   15.66    -15.0 
2021  6 11  9 52 27   48.89   15.67      6.0 
2021  6 11  9 52 46   48.84   15.65     -3.0 
2021  6 11  9 52 50   48.82   15.61     -7.0 
2021  6 11  9 53  0   48.83   15.65      3.0 
2021  6 11  9 53 23   48.82   15.65      8.0 
2021  6 11  9 53 54   48.89   15.69     16.0 
2021  6 11  9 53 54   48.89   15.68     54.0 
2021  6 11  9 54 17   48.88   15.68     22.0 
2021  6 11  9 54 18   48.89   15.67    -14.0 
2021  6 11  9 54 18   48.90   15.71      4.0 
2021  6 11  9 54 26   48.83   15.65     -4.0 
2021  6 11  9 54 26   48.83   15.62    -11.0 
2021  6 11  9 54 30   48.85   15.62     13.0 
2021  6 11  9 54 41   48.91   15.67     -9.0 
2021  6 11  9 54 49   49.02   15.66     11.0 
2021  6 11  9 54 52   48.90   15.69      2.0 
2021  6 11  9 54 54   48.83   15.66     -5.0 
2021  6 11  9 55  2   48.91   15.66     -4.0 
2021  6 11  9 55  2   48.84   15.60      8.0 
2021  6 11  9 55  2   48.88   15.72      4.0 
2021  6 11  9 55 19   49.00   15.70      3.0 
2021  6 11  9 55 19   49.03   15.70     -2.0 
2021  6 11  9 55 21   48.86   15.64      2.0 
2021  6 11  9 55 21   48.90   15.69      4.0 
2021  6 11  9 55 31   46.99   15.89     35.0 
2021  6 11  9 55 37   49.01   15.72     -2.0 
2021  6 11  9 55 38   48.91   15.65     14.0 
2021  6 11  9 55 38   48.94   15.74    -13.0 
2021  6 11  9 55 48   48.96   15.74     15.0 
2021  6 11  9 55 48   48.90   15.61     17.0 
2021  6 11  9 55 59   48.82   15.65     28.0 
2021  6 11  9 55 59   48.79   15.64     -6.0 
2021  6 11  9 55 59   48.82   15.66      4.0 
2021  6 11  9 56  5   48.89   15.69      2.0 
2021  6 11  9 56 20   48.88   15.67     33.0 
2021  6 11  9 56 20   48.89   15.66      2.0 
2021  6 11  9 56 20   48.90   15.65      2.0 
2021  6 11  9 56 21   48.89   15.65    -10.0 
2021  6 11  9 56 23   48.92   15.73      3.0 
2021  6 11  9 56 34   48.89   15.67     19.0 
2021  6 11  9 56 34   48.91   15.69      2.0 
2021  6 11  9 56 46   48.88   15.78     -3.0 
2021  6 11  9 56 49   48.90   15.67    -12.0 
2021  6 11  9 56 49   48.88   15.68      2.0 
2021  6 11  9 56 49   48.90   15.66     -2.0 
2021  6 11  9 56 49   48.90   15.67     -3.0 
2021  6 11  9 56 56   49.01   15.68      2.0 
2021  6 11  9 57  2   48.88   15.65      8.0 
2021  6 11  9 57  2   48.89   15.66      3.0 
2021  6 11  9 57  3   48.89   15.66     17.0 
2021  6 11  9 57 44   48.88   15.69     32.0 
2021  6 11  9 57 44   48.90   15.68     -4.0 
2021  6 11  9 57 44   48.92   15.65      4.0 
2021  6 11  9 58 11   48.90   15.69    -28.0 
2021  6 11  9 58 11   48.88   15.68      3.0 
2021  6 11  9 58 11   48.87   15.68     -3.0 
2021  6 11  9 58 11   48.81   15.61      9.0 
2021  6 11  9 58 32   48.88   15.68     34.0 
2021  6 11  9 58 32   48.91   15.69    -17.0 
2021  6 11  9 58 32   48.88   15.62      9.0 
2021  6 11  9 58 59   48.91   15.69    -23.0 
2021  6 11  9 58 59   48.89   15.68      2.0 
2021  6 11  9 59 19   48.94   15.71     -2.0 
2021  6 11  9 59 35   48.74   15.67     85.0 
2021  6 11  9 59 42   48.91   15.70    -13.0 
2021  6 11 10  0  2   48.89   15.68     -9.0 
2021  6 11 10  0 41   48.80   15.67    248.0 
2021  6 11 10  1  0   48.93   15.72     -4.0 
2021  6 11 10  1  8   48.99   15.65      7.0 
2021  6 11 10  1  8   48.99   15.66    -11.0 
2021  6 11 10  1 11   48.96   15.67      3.0 
2021  6 11 10  2 13   48.99   15.71      3.0 
2021  6 11 10  2 14   48.81   15.69    114.0 
2021  6 11 10  2 23   48.96   15.70      3.0 
2021  6 11 10  2 32   49.00   15.70     19.0 
2021  6 11 10  2 44   48.98   15.70      2.0 
2021  6 11 10  2 58   48.99   15.69      2.0 
2021  6 11 10  2 58   48.96   15.68      2.0 
2021  6 11 10  3  9   49.00   15.70      4.0 
2021  6 11 10  3 10   49.01   15.69      4.0 
2021  6 11 10  3 21   48.72   15.66    105.0 
2021  6 11 10  3 22   48.75   15.62     19.0 
2021  6 11 10  3 22   48.71   15.63      3.0 
2021  6 11 10  4  3   48.82   15.70     -4.0 
2021  6 11 10  4  3   48.81   15.66      4.0 
2021  6 11 10  4  5   46.87   15.16    -43.0 
2021  6 11 10  4  5   46.88   15.15     16.0 
2021  6 11 10  4 13   48.96   15.61     -8.0 
2021  6 11 10  4 32   48.99   15.66     20.0 
2021  6 11 10  4 42   48.95   15.71     -6.0 
2021  6 11 10  4 47   48.96   15.64     16.0 
2021  6 11 10  4 58   48.98   15.67     -8.0 
2021  6 11 10  4 58   48.98   15.67      6.0 
2021  6 11 10  4 59   48.92   15.73     -3.0 
2021  6 11 10  5 46   48.94   15.70      6.0 
2021  6 11 10  5 49   48.81   15.67    101.0 
2021  6 11 10  6 14   48.95   15.69      2.0 
2021  6 11 10  6 22   48.98   15.70     12.0 
2021  6 11 10  7 12   49.00   15.67     -3.0 
2021  6 11 10  7 29   48.72   15.64     -7.0 
2021  6 11 10  7 29   48.76   15.68      4.0 
2021  6 11 10  7 34   48.98   15.68     21.0 
2021  6 11 10  7 34   48.97   15.63     -4.0 
2021  6 11 10  7 35   48.98   15.65     15.0 
2021  6 11 10  7 47   48.92   15.70      2.0 
2021  6 11 10  7 58   48.94   15.61      8.0 
2021  6 11 10  7 58   48.98   15.74      3.0 
2021  6 11 10  8 43   48.95   15.71     -2.0 
2021  6 11 10  8 58   48.98   15.68      2.0 
2021  6 11 10  9 31   48.96   15.67      2.0 
2021  6 11 10  9 49   48.96   15.67      7.0 
2021  6 11 10 10 32   46.91   15.87    135.0 
2021  6 11 10 10 55   48.85   15.68    -18.0 
2021  6 11 10 12  5   48.95   15.75     43.0 
2021  6 11 10 12 18   48.96   15.67     18.0 
2021  6 11 10 12 41   48.97   15.68    -14.0 
2021  6 11 10 12 41   48.94   15.74    -12.0 
2021  6 11 10 12 56   48.96   15.67     20.0 
2021  6 11 10 12 56   48.97   15.68      4.0 
2021  6 11 10 12 59   48.84   15.69    110.0 
2021  6 11 10 13 23   48.91   15.70     -9.0 
2021  6 11 10 13 25   46.90   15.91     69.0 
2021  6 11 10 13 25   46.90   15.89    -23.0 
2021  6 11 10 13 43   48.92   15.68     -3.0 
2021  6 11 10 14 26   48.95   15.74      4.0 
2021  6 11 10 16 17   46.88   15.88      7.0 
2021  6 11 10 16 17   46.89   15.87     64.0 
2021  6 11 10 16 42   48.89   15.69    -15.0 
2021  6 11 10 17  1   49.91   13.96     41.0 
2021  6 11 10 17 30   48.88   15.69    -16.0 
2021  6 11 10 17 40   49.50   13.92     52.0 
2021  6 11 10 17 58   48.86   15.64    -10.0 
2021  6 11 10 18  3   48.87   15.68      4.0 
2021  6 11 10 18  7   48.84   15.70     -8.0 
2021  6 11 10 18  7   48.86   15.66      9.0 
2021  6 11 10 18 45   49.93   13.97    128.0 
2021  6 11 10 18 45   49.96   13.98     -3.0 
2021  6 11 10 19 33   48.90   15.60     25.0 
2021  6 11 10 19 40   48.87   15.69     -2.0 
2021  6 11 10 19 50   48.86   15.68     -6.0 
2021  6 11 10 20  6   48.87   15.68      2.0 
2021  6 11 10 20  6   48.86   15.68     -3.0 
2021  6 11 10 20  9   47.01   15.78     22.0 
2021  6 11 10 20 17   48.82   15.69     -2.0 
2021  6 11 10 20 18   48.83   15.69      2.0 
2021  6 11 10 20 18   48.87   15.68    -12.0 
2021  6 11 10 20 24   48.89   15.71     12.0 
2021  6 11 10 20 24   48.84   15.67     16.0 
2021  6 11 10 20 38   48.87   15.65     -2.0 
2021  6 11 10 20 38   48.85   15.70      2.0 
2021  6 11 10 20 38   48.89   15.70      3.0 
2021  6 11 10 21 23   48.88   15.71      3.0 
2021  6 11 10 21 25   48.84   15.67    -12.0 
2021  6 11 10 21 44   48.63   15.71    -23.0 
2021  6 11 10 21 45   48.66   15.59    -43.0 
2021  6 11 10 21 45   48.64   15.70    -34.0 
2021  6 11 10 21 59   48.86   15.68     -3.0 
2021  6 11 10 21 59   48.85   15.66     19.0 
2021  6 11 10 22 29   48.86   15.69      2.0 
2021  6 11 10 22 38   48.84   15.64     -2.0 
2021  6 11 10 22 38   48.85   15.67     38.0 
2021  6 11 10 23  2   46.79   15.07    -19.0 
2021  6 11 10 23 27   48.86   15.67     16.0 
2021  6 11 10 23 27   48.86   15.65     17.0 
2021  6 11 10 23 27   48.85   15.66    -12.0 
2021  6 11 10 23 27   48.84   15.68     78.0 
2021  6 11 10 23 31   48.66   15.72    -23.0 
2021  6 11 10 23 32   48.65   15.69     27.0 
2021  6 11 10 23 42   48.85   15.69      9.0 
2021  6 11 10 23 42   48.88   15.63      3.0 
2021  6 11 10 24  3   48.86   15.71      6.0 
2021  6 11 10 24  3   48.86   15.68    -13.0 
2021  6 11 10 24  9   48.80   15.66    -20.0 
2021  6 11 10 24 17   48.96   15.74    116.0 
2021  6 11 10 24 17   48.98   15.71     -9.0 
2021  6 11 10 24 18   48.92   15.73     -5.0 
2021  6 11 10 24 18   48.81   15.64      3.0 
2021  6 11 10 24 31   49.08   15.44    -52.0 
2021  6 11 10 24 31   49.06   15.42      9.0 
2021  6 11 10 24 47   48.84   15.68      3.0 
2021  6 11 10 24 47   48.86   15.69     -3.0 
2021  6 11 10 25  1   48.88   15.74     25.0 
2021  6 11 10 25  1   48.84   15.69      9.0 
2021  6 11 10 25 19   48.83   15.70    -17.0 
2021  6 11 10 25 19   48.84   15.66     27.0 
2021  6 11 10 25 19   48.85   15.59      2.0 
2021  6 11 10 25 19   48.85   15.68    -15.0 
2021  6 11 10 25 28   48.93   15.72    -15.0 
2021  6 11 10 26 55   48.83   15.64      2.0 
2021  6 11 10 26 55   48.86   15.66     -2.0 
2021  6 11 10 26 55   48.84   15.64     -5.0 
2021  6 11 10 27 34   48.86   15.66      3.0 
2021  6 11 10 27 34   48.84   15.69     -5.0 
2021  6 11 10 27 51   46.76   15.03     21.0 
2021  6 11 10 27 51   46.75   15.03    -23.0 
2021  6 11 10 27 56   49.86   14.02     90.0 
2021  6 11 10 27 56   49.90   14.07    -24.0 
2021  6 11 10 28 35   48.80   15.66     -2.0 
2021  6 11 10 28 51   48.83   15.69     23.0 
2021  6 11 10 28 51   48.85   15.67    -15.0 
2021  6 11 10 29 28   48.89   15.69    -15.0 
2021  6 11 10 29 51   49.90   14.06    -42.0 
2021  6 11 10 30 16   46.67   14.96     23.0 
2021  6 11 10 30 41   48.41   15.93     72.0 
2021  6 11 10 30 41   48.41   15.94    -14.0 
2021  6 11 10 30 41   48.42   15.93     -3.0 
2021  6 11 10 30 56   48.44   15.98     13.0 
2021  6 11 10 31 51   48.83   15.65     16.0 
2021  6 11 10 31 51   48.85   15.65     -3.0 
2021  6 11 10 32  9   48.45   15.99      3.0 
2021  6 11 10 32  9   48.44   15.99     -3.0 
2021  6 11 10 32 14   48.43   15.99      2.0 
2021  6 11 10 32 34   48.43   16.00    -12.0 
2021  6 11 10 34 55   48.45   15.99    -17.0 
2021  6 11 10 35 35   49.47   14.12    129.0 
2021  6 11 10 35 35   49.48   14.13     -3.0 
2021  6 11 10 36 44   48.46   16.00     -5.0 
2021  6 11 10 37  7   48.41   15.99     12.0 
2021  6 11 10 37 21   49.87   14.06     99.0 
2021  6 11 10 37 22   49.87   14.10     -2.0 
2021  6 11 10 37 30   49.47   14.12     -3.0 
2021  6 11 10 37 49   48.41   15.97     -7.0 
2021  6 11 10 38 33   46.80   15.77     96.0 
2021  6 11 10 38 40   48.44   15.99      2.0 
2021  6 11 10 39  1   48.95   15.85    -68.0 
2021  6 11 10 39  1   48.94   15.78    -13.0 
2021  6 11 10 39  1   48.97   15.75     60.0 
2021  6 11 10 39 17   48.40   15.99     17.0 
2021  6 11 10 39 32   48.40   16.00      6.0 
2021  6 11 10 39 53   46.76   14.98    -51.0 
2021  6 11 10 39 59   48.38   15.95      8.0 
2021  6 11 10 40 16   48.40   15.99     17.0 
2021  6 11 10 40 17   48.44   15.96      6.0 
2021  6 11 10 40 41   48.40   15.95     -8.0 
2021  6 11 10 40 53   48.40   16.00     -6.0 
2021  6 11 10 40 57   48.39   15.97     25.0 
2021  6 11 10 41 17   48.33   15.58    -86.0 
2021  6 11 10 41 44   48.80   15.59     38.0 
2021  6 11 10 41 44   48.82   15.62     -4.0 
2021  6 11 10 42  1   48.37   15.96     10.0 
2021  6 11 10 42 38   48.46   15.93     -4.0 
2021  6 11 10 42 54   46.84   15.81     49.0 
2021  6 11 10 43 57   46.83   15.82     16.0 
2021  6 11 10 43 59   48.38   15.95      7.0 
2021  6 11 10 44  9   48.41   15.99     27.0 
2021  6 11 10 44 20   48.39   15.94    -72.0 
2021  6 11 10 44 27   48.42   16.00    -18.0 
2021  6 11 10 45 17   48.41   15.99     -4.0 
2021  6 11 10 45 32   48.44   15.98    -12.0 
2021  6 11 10 45 51   49.78   12.08    -22.0 
2021  6 11 10 46 28   48.40   16.00     12.0 
2021  6 11 10 46 45   48.42   15.99     -8.0 
2021  6 11 10 47  3   49.04   15.58     94.0 
2021  6 11 10 48 47   49.04   15.57     -5.0 
2021  6 11 10 49 17   49.03   15.56     13.0 
2021  6 11 10 49 29   48.38   15.98      9.0 
2021  6 11 10 53 29   49.06   15.45    -69.0 
2021  6 11 10 53 42   48.37   15.80    -27.0 
2021  6 11 10 53 42   48.38   15.82     15.0 
2021  6 11 10 53 49   46.71   15.96     46.0 
2021  6 11 10 53 49   46.70   15.95     13.0 
2021  6 11 10 54 13   49.06   15.46     -6.0 
2021  6 11 10 57 14   48.37   15.79     18.0 
2021  6 11 10 57 17   48.33   15.73     45.0 
2021  6 11 10 57 58   48.36   15.78    -16.0 
2021  6 11 10 58 23   48.34   15.77      7.0 
2021  6 11 10 58 44   48.38   15.81    -26.0 
2021  6 11 10 58 49   46.10   11.86    -34.0 
2021  6 11 11  0 12   48.30   15.57     24.0 
2021  6 11 11  0 58   48.34   15.75    -12.0 
2021  6 11 11  1 18   48.35   15.77      6.0 
2021  6 11 11  1 40   46.74   15.69    -89.0 
2021  6 11 11  2 51   46.74   15.70     40.0 
2021  6 11 11  4 34   48.39   14.76    -20.0 
2021  6 11 11  6 53   49.02   15.59    111.0 
2021  6 11 11  7 22   49.02   15.60     -4.0 
2021  6 11 11  7 22   49.02   15.56     -3.0 
2021  6 11 11  7 22   49.04   15.57     16.0 
2021  6 11 11  8 25   49.02   15.59     11.0 
2021  6 11 11  8 26   49.02   15.59     -6.0 
2021  6 11 11  9 53   49.03   15.59     -3.0 
2021  6 11 11 10 23   49.02   15.59     -8.0 
2021  6 11 11 11 38   48.28   15.05     36.0 
2021  6 11 11 11 41   48.57   13.92    -91.0 
2021  6 11 11 11 41   48.57   13.90    -15.0 
2021  6 11 11 12 13   48.25   15.69     56.0 
2021  6 11 11 14  7   48.20   15.59     50.0 
2021  6 11 11 14 37   48.27   15.58     20.0 
2021  6 11 11 15  2   48.35   15.73    -70.0 
2021  6 11 11 15  2   48.27   15.84     -2.0 
2021  6 11 11 15  2   48.27   15.84    -23.0 
2021  6 11 11 15 20   49.39   14.29     47.0 
2021  6 11 11 15 55   46.92   15.57     26.0 
2021  6 11 11 15 55   46.92   15.57     15.0 
2021  6 11 11 16 39   49.01   15.53     42.0 
2021  6 11 11 17  1   49.38   14.28     49.0 
2021  6 11 11 17  2   49.39   14.27     -2.0 
2021  6 11 11 17  2   49.37   14.30      3.0 
2021  6 11 11 17 14   48.27   15.80     52.0 
2021  6 11 11 17 14   48.29   15.80    -32.0 
2021  6 11 11 17 24   49.03   15.55    -21.0 
2021  6 11 11 17 24   49.05   15.66     40.0 
2021  6 11 11 18 26   49.05   15.72     71.0 
2021  6 11 11 19 41   49.24   14.65     29.0 
2021  6 11 11 20 25   48.17   15.61     23.0 
2021  6 11 11 22 10   49.38   14.25     39.0 
2021  6 11 11 23  9   49.02   15.66     44.0 
2021  6 11 11 23 13   49.23   14.65      3.0 
2021  6 11 11 25 24   47.01   15.52    -64.0 
2021  6 11 11 25 24   48.98   15.57    -45.0 
2021  6 11 11 25 27   48.38   15.86     -7.0 
2021  6 11 11 25 32   49.36   14.33     -9.0 
2021  6 11 11 25 32   49.37   14.32    -20.0 
2021  6 11 11 25 32   49.37   14.33    103.0 
2021  6 11 11 25 32   49.36   14.29     12.0 
2021  6 11 11 25 32   49.36   14.27     -2.0 
2021  6 11 11 25 32   49.36   14.28      7.0 
2021  6 11 11 25 38   48.39   15.88     55.0 
2021  6 11 11 26 11   49.41   14.31    -10.0 
2021  6 11 11 26 11   48.39   15.84      8.0 
2021  6 11 11 26 31   49.35   14.29      7.0 
2021  6 11 11 26 54   46.87   15.58     76.0 
2021  6 11 11 27 11   49.37   14.25     -6.0 
2021  6 11 11 27 52   48.37   15.93    -23.0 
2021  6 11 11 27 52   48.34   15.91     21.0 
2021  6 11 11 28 15   49.36   14.35     -8.0 
2021  6 11 11 28 17   48.93   15.56     35.0 
2021  6 11 11 28 22   48.35   15.88      2.0 
2021  6 11 11 28 41   48.36   15.93     -8.0 
2021  6 11 11 28 41   48.33   15.96     -2.0 
2021  6 11 11 28 51   48.28   15.93     25.0 
2021  6 11 11 28 57   49.34   14.29      9.0 
2021  6 11 11 29 13   48.38   15.87    -17.0 
2021  6 11 11 30  7   49.34   14.33     79.0 
2021  6 11 11 31  7   48.37   15.96    -12.0 
2021  6 11 11 31  7   46.89   15.55    -61.0 
2021  6 11 11 31 48   49.38   14.29    -43.0 
2021  6 11 11 32 15   48.26   15.91     19.0 
2021  6 11 11 32 26   49.32   14.40     38.0 
2021  6 11 11 32 40   48.23   15.41     18.0 
2021  6 11 11 32 51   48.27   15.96    -11.0 
2021  6 11 11 32 51   48.28   15.99    -15.0 
2021  6 11 11 33 10   48.36   15.92    -27.0 
2021  6 11 11 33 10   48.35   15.93      2.0 
2021  6 11 11 33 35   48.90   15.50    -70.0 
2021  6 11 11 33 58   48.37   15.89     -7.0 
2021  6 11 11 33 58   48.34   15.95     -3.0 
2021  6 11 11 34  0   48.21   15.62    -18.0 
2021  6 11 11 35 42   46.89   15.54    -15.0 
2021  6 11 11 36  2   49.10   14.47    -12.0 
2021  6 11 11 36  2   49.12   14.49    -13.0 
2021  6 11 11 36 48   46.94   14.97    -22.0 
2021  6 11 11 37 39   48.92   15.51     36.0 
2021  6 11 11 37 39   48.92   15.52    -39.0 
2021  6 11 11 38  9   48.24   15.95    -27.0 
2021  6 11 11 39  2   50.44   14.32     64.0 
2021  6 11 11 39 10   48.23   15.96    -22.0 
2021  6 11 11 39 10   48.23   15.97     11.0 
2021  6 11 11 39 10   48.21   15.95     13.0 
2021  6 11 11 39 10   48.21   15.91     -7.0 
2021  6 11 11 39 23   48.24   15.98     30.0 
2021  6 11 11 39 23   48.24   15.95     -8.0 
2021  6 11 11 39 25   48.92   15.50     -2.0 
2021  6 11 11 39 31   47.16   15.73   -110.0 
2021  6 11 11 39 34   49.12   14.53    -29.0 
2021  6 11 11 39 36   48.20   15.96     44.0 
2021  6 11 11 39 36   48.19   15.92      8.0 
2021  6 11 11 39 36   48.23   15.95     32.0 
2021  6 11 11 39 37   48.21   15.98     32.0 
2021  6 11 11 39 53   48.24   15.98    -19.0 
2021  6 11 11 40  9   48.22   15.96     15.0 
2021  6 11 11 40  9   48.25   15.94     -2.0 
2021  6 11 11 40 21   48.23   15.96    -13.0 
2021  6 11 11 40 33   48.22   15.92      9.0 
2021  6 11 11 40 33   48.23   15.97     -2.0 
2021  6 11 11 40 44   48.21   15.94      7.0 
2021  6 11 11 40 44   48.19   15.94      8.0 
2021  6 11 11 41 15   48.22   15.96    -16.0 
2021  6 11 11 41 25   48.20   15.94      7.0 
2021  6 11 11 42  0   48.24   15.98    -20.0 
2021  6 11 11 42  0   48.23   15.98     -3.0 
2021  6 11 11 42  1   48.23   15.97    -14.0 
2021  6 11 11 42 14   48.24   16.00    -10.0 
2021  6 11 11 42 14   48.21   15.96     -9.0 
2021  6 11 11 42 14   48.21   15.97     22.0 
2021  6 11 11 42 14   48.22   15.98    -14.0 
2021  6 11 11 42 56   48.22   15.97    -12.0 
2021  6 11 11 42 56   48.21   15.95     -9.0 
2021  6 11 11 42 56   48.23   15.99     -3.0 
2021  6 11 11 42 57   49.27   14.37    -21.0 
2021  6 11 11 43  9   48.23   15.97     15.0 
2021  6 11 11 43  9   48.21   15.43    -13.0 
2021  6 11 11 43  9   48.21   15.45     -5.0 
2021  6 11 11 43  9   48.20   15.43    -13.0 
2021  6 11 11 43 10   48.20   15.44    -19.0 
2021  6 11 11 43 11   50.33   15.93    103.0 
2021  6 11 11 43 26   46.95   15.52    -17.0 
2021  6 11 11 43 28   48.20   15.97     31.0 
2021  6 11 11 43 28   48.21   15.95     11.0 
2021  6 11 11 43 28   48.19   15.95     13.0 
2021  6 11 11 43 28   48.26   15.88    209.0 
2021  6 11 11 43 29   49.92   12.23     31.0 
2021  6 11 11 43 31   46.88   14.91    -13.0 
2021  6 11 11 43 31   46.86   14.95    -19.0 
2021  6 11 11 43 38   50.40   15.96     -4.0 
2021  6 11 11 43 44   50.33   15.94      8.0 
2021  6 11 11 43 45   48.22   15.96      8.0 
2021  6 11 11 43 45   48.18   15.94      6.0 
2021  6 11 11 44  0   48.29   15.96     -9.0 
2021  6 11 11 45 25   50.37   15.93     12.0 
2021  6 11 11 46 15   48.21   15.97     33.0 
2021  6 11 11 46 15   48.26   15.90     40.0 
2021  6 11 11 46 57   50.36   15.95     -3.0 
2021  6 11 11 47 12   50.36   15.95     17.0 
2021  6 11 11 47 34   48.40   14.72    -11.0 
2021  6 11 11 47 39   48.42   14.72    -16.0 
2021  6 11 11 47 45   46.88   15.51     19.0 
2021  6 11 11 47 53   50.36   15.96     -5.0 
2021  6 11 11 47 59   50.31   15.95    109.0 
2021  6 11 11 48 10   48.40   14.69      8.0 
2021  6 11 11 48 46   50.38   16.00      4.0 
2021  6 11 11 49  1   48.19   15.96    -31.0 
2021  6 11 11 49  2   48.27   15.97      5.0 
2021  6 11 11 49 46   48.24   15.33     26.0 
2021  6 11 11 49 47   48.41   14.73      4.0 
2021  6 11 11 50 21   49.88   12.21     17.0 
2021  6 11 11 50 59   49.11   14.69    -16.0 
2021  6 11 11 50 59   49.11   14.69     -2.0 
2021  6 11 11 51  2   50.35   15.98      4.0 
2021  6 11 11 51  2   50.35   15.95     -7.0 
2021  6 11 11 51 17   50.32   15.99     12.0 
2021  6 11 11 51 29   48.36   14.71      2.0 
2021  6 11 11 51 29   48.37   14.71     -2.0 
2021  6 11 11 51 33   48.37   14.71      2.0 
2021  6 11 11 51 40   50.34   15.98      6.0 
2021  6 11 11 51 50   48.36   14.71     13.0 
2021  6 11 11 51 53   48.37   14.66      9.0 
2021  6 11 11 52  3   49.18   14.36    -19.0 
2021  6 11 11 52  3   48.40   14.72     18.0 
2021  6 11 11 52  5   48.40   14.68      4.0 
2021  6 11 11 52 19   48.38   14.64     23.0 
2021  6 11 11 52 20   50.30   15.98    -12.0 
2021  6 11 11 52 24   48.40   14.68      4.0 
2021  6 11 11 52 24   48.39   14.68     -7.0 
2021  6 11 11 52 24   48.37   14.70     13.0 
2021  6 11 11 52 28   48.38   14.73     -4.0 
2021  6 11 11 52 34   48.38   14.66     15.0 
2021  6 11 11 52 57   48.38   14.69     -5.0 
2021  6 11 11 53  2   48.37   14.74      3.0 
2021  6 11 11 53  2   48.24   15.32     -8.0 
2021  6 11 11 53  2   48.23   15.29     17.0 
2021  6 11 11 53  3   48.39   14.67     12.0 
2021  6 11 11 53  7   48.38   14.71     -3.0 
2021  6 11 11 53  8   46.95   15.57    -21.0 
2021  6 11 11 53 11   48.23   15.35     -6.0 
2021  6 11 11 53 16   48.39   14.71      2.0 
2021  6 11 11 53 18   50.34   15.98    -15.0 
2021  6 11 11 53 34   48.36   14.69     -2.0 
2021  6 11 11 53 53   48.40   14.71     -3.0 
2021  6 11 11 53 59   48.40   14.72    -17.0 
2021  6 11 11 54  3   48.35   14.70      3.0 
2021  6 11 11 54  4   48.33   14.70      1.0 
2021  6 11 11 54 14   48.37   14.69     -6.0 
2021  6 11 11 54 51   48.37   14.71      3.0 
2021  6 11 11 54 59   48.39   14.73     -9.0 
2021  6 11 11 54 59   48.34   14.66      2.0 
2021  6 11 11 55  5   48.36   14.66     10.0 
2021  6 11 11 55 13   48.36   14.72      4.0 
2021  6 11 11 55 17   48.37   14.70      3.0 
2021  6 11 11 55 21   48.36   14.70     -4.0 
2021  6 11 11 55 22   48.21   15.39    -11.0 
2021  6 11 11 55 24   48.37   14.71     -7.0 
2021  6 11 11 55 38   48.40   14.71    -12.0 
2021  6 11 11 55 39   50.29   15.99     13.0 
2021  6 11 11 55 39   50.31   15.98     -4.0 
2021  6 11 11 55 39   50.30   15.99      2.0 
2021  6 11 11 56  9   48.37   14.71     -7.0 
2021  6 11 11 56 18   47.10   15.68    111.0 
2021  6 11 11 56 53   49.21   14.37     22.0 
2021  6 11 11 56 53   49.23   14.39      3.0 
2021  6 11 11 56 59   48.39   14.72     12.0 
2021  6 11 11 57  0   48.39   14.71      2.0 
2021  6 11 11 57  3   48.37   14.67     -2.0 
2021  6 11 11 57  3   48.38   14.67      2.0 
2021  6 11 11 57 18   48.26   15.35    -15.0 
2021  6 11 11 57 25   48.39   14.73      4.0 
2021  6 11 11 57 28   48.35   14.64     19.0 
2021  6 11 11 57 31   48.25   15.38    -17.0 
2021  6 11 11 57 38   48.40   14.75    -10.0 
2021  6 11 11 57 40   48.23   15.36     15.0 
2021  6 11 11 57 40   48.26   15.37      3.0 
2021  6 11 11 57 48   48.38   14.68      3.0 
2021  6 11 11 57 51   48.37   14.71      9.0 
2021  6 11 11 57 56   48.22   15.36      2.0 
2021  6 11 11 57 56   48.21   15.29     10.0 
2021  6 11 11 58  8   49.90   12.30     34.0 
2021  6 11 11 58 14   46.82   15.53     72.0 
2021  6 11 11 58 20   48.22   15.32      5.0 
2021  6 11 11 58 25   48.39   14.68     -3.0 
2021  6 11 11 58 32   48.40   14.74     -3.0 
2021  6 11 11 59  4   48.38   14.67     10.0 
2021  6 11 11 59  8   48.24   15.31      5.0 
2021  6 11 11 59 27   48.24   15.34      3.0 
2021  6 11 11 59 30   48.38   14.69    -14.0 
2021  6 11 11 59 42   48.38   14.72      2.0 
2021  6 11 11 59 42   46.84   15.49     74.0 
2021  6 11 11 59 42   46.88   15.49    -21.0 
2021  6 11 11 59 54   48.39   14.70    -33.0 
2021  6 11 11 59 55   49.21   14.38     21.0 
2021  6 11 11 59 56   48.36   14.75      2.0 
2021  6 11 12  0  4   48.42   14.66     -5.0 
2021  6 11 12  0  6   48.25   15.35    -15.0 
2021  6 11 12  0 26   48.25   15.35     61.0 
2021  6 11 12  0 27   48.38   14.70     -6.0 
2021  6 11 12  0 55   48.39   14.68      2.0 
2021  6 11 12  1 15   48.23   15.41      9.0 
2021  6 11 12  1 15   48.40   14.68    -10.0 
2021  6 11 12  1 40   48.23   15.32     -9.0 
2021  6 11 12  1 43   48.22   15.28      2.0 
2021  6 11 12  1 45   48.37   14.72    -20.0 
2021  6 11 12  1 56   49.23   14.35     12.0 
2021  6 11 12  2  1   48.36   14.64     -3.0 
2021  6 11 12  2  7   48.26   15.29      2.0 
2021  6 11 12  2  8   48.36   14.69     -8.0 
2021  6 11 12  2 12   48.37   14.68     -2.0 
2021  6 11 12  2 12   48.24   15.41     61.0 
2021  6 11 12  2 35   48.38   14.70    -26.0 
2021  6 11 12  2 40   49.21   14.40    -36.0 
2021  6 11 12  2 40   49.22   14.37      9.0 
2021  6 11 12  2 40   49.25   14.40      2.0 
2021  6 11 12  2 40   49.19   14.35     18.0 
2021  6 11 12  2 40   49.19   14.32     -5.0 
2021  6 11 12  3  2   48.24   15.32    -16.0 
2021  6 11 12  3 12   48.36   14.68     -9.0 
2021  6 11 12  3 31   48.36   14.72     -6.0 
2021  6 11 12  3 46   48.36   14.67     11.0 
2021  6 11 12  3 48   46.54   15.58     61.0 
2021  6 11 12  3 54   48.36   14.73     23.0 
2021  6 11 12  4 19   48.27   15.35      4.0 
2021  6 11 12  4 28   48.35   14.70    -11.0 
2021  6 11 12  4 28   48.37   14.72    -14.0 
2021  6 11 12  4 54   48.34   14.73     10.0 
2021  6 11 12  5  3   47.05   15.70     45.0 
2021  6 11 12  5  5   48.29   15.33    -17.0 
2021  6 11 12  5  8   48.62   15.38    -51.0 
2021  6 11 12  5 15   48.18   15.36    -14.0 
2021  6 11 12  5 24   48.35   14.69     -2.0 
2021  6 11 12  5 36   48.36   14.73     -1.0 
2021  6 11 12  5 42   49.24   14.43     64.0 
2021  6 11 12  5 44   48.39   14.69    -12.0 
2021  6 11 12  5 48   48.37   14.71      3.0 
2021  6 11 12  5 49   48.21   15.23     42.0 
2021  6 11 12  5 49   48.25   15.35     17.0 
2021  6 11 12  5 49   48.24   15.32      4.0 
2021  6 11 12  5 52   48.35   14.72     -2.0 
2021  6 11 12  6  5   46.00   12.15     12.0 
2021  6 11 12  6 25   48.25   15.31     42.0 
2021  6 11 12  6 27   46.78   15.51    -17.0 
2021  6 11 12  7  6   48.35   14.69      3.0 
2021  6 11 12  7  9   48.36   14.76     -2.0 
2021  6 11 12  7 27   46.27   15.10     19.0 
2021  6 11 12  7 36   48.63   15.37     58.0 
2021  6 11 12  7 37   48.64   15.34      3.0 
2021  6 11 12  7 57   48.29   15.36    -17.0 
2021  6 11 12  8  4   48.38   14.71      3.0 
2021  6 11 12  8  4   48.36   14.73     17.0 
2021  6 11 12  9 28   46.75   15.47     50.0 
2021  6 11 12  9 29   49.22   14.43      7.0 
2021  6 11 12  9 29   49.22   14.43     -7.0 
2021  6 11 12 10 22   46.29   15.12    -31.0 
2021  6 11 12 10 33   46.69   15.51    100.0 
2021  6 11 12 10 33   46.70   15.51     40.0 
2021  6 11 12 10 41   48.36   14.74    -13.0 
2021  6 11 12 10 54   46.84   15.48     34.0 
2021  6 11 12 10 54   46.80   15.46     19.0 
2021  6 11 12 10 54   46.83   15.50    -11.0 
2021  6 11 12 10 54   48.25   15.32     33.0 
2021  6 11 12 10 57   46.70   15.49    -10.0 
2021  6 11 12 11  9   46.71   15.46      7.0 
2021  6 11 12 11 24   46.28   15.12    -30.0 
2021  6 11 12 11 24   46.27   15.12    -17.0 
2021  6 11 12 11 24   46.26   15.08     -9.0 
2021  6 11 12 11 24   46.29   15.11    -16.0 
2021  6 11 12 11 24   46.26   15.07     -8.0 
2021  6 11 12 12  0   50.28   15.03     35.0 
2021  6 11 12 13 26   48.24   15.33     11.0 
2021  6 11 12 13 50   46.27   15.07     -7.0 
2021  6 11 12 14  9   47.77   15.49    -63.0 
2021  6 11 12 14 48   46.77   13.98    -49.0 
2021  6 11 12 14 48   46.83   14.15     13.0 
2021  6 11 12 17  1   49.07   14.81     79.0 
2021  6 11 12 17  1   48.97   14.69     88.0 
2021  6 11 12 17  1   48.95   14.66    -17.0 
2021  6 11 12 17  1   48.96   14.66    -17.0 
2021  6 11 12 17  1   48.95   14.67    -15.0 
2021  6 11 12 17  7   48.38   14.63     94.0 
2021  6 11 12 18  2   46.02   12.02     81.0 
2021  6 11 12 18 47   46.31   15.09    -13.0 
2021  6 11 12 18 51   47.73   15.79    -20.0 
2021  6 11 12 18 51   47.73   15.81    -22.0 
2021  6 11 12 18 55   48.97   14.67      9.0 
2021  6 11 12 18 55   48.98   14.65     37.0 
2021  6 11 12 20 45   46.76   15.44     21.0 
2021  6 11 12 21 36   48.92   14.63     11.0 
2021  6 11 12 21 36   48.96   14.66    -10.0 
2021  6 11 12 22 55   48.96   14.70      4.0 
2021  6 11 12 23 53   48.93   14.63     21.0 
2021  6 11 12 23 58   46.72   15.45     16.0 
2021  6 11 12 25 39   46.74   15.46    -23.0 
2021  6 11 12 26 24   48.04   15.51     75.0 
2021  6 11 12 26 24   48.03   15.49    -13.0 
2021  6 11 12 26 50   46.72   15.45     61.0 
2021  6 11 12 28 16   48.97   14.89     27.0 
2021  6 11 12 28 23   48.90   14.67     52.0 
2021  6 11 12 28 23   48.90   14.66     13.0 
2021  6 11 12 31  2   48.91   14.70    -14.0 
2021  6 11 12 31  2   48.93   14.69      9.0 
2021  6 11 12 31 22   50.25   15.86    112.0 
2021  6 11 12 31 22   50.24   15.86     35.0 
2021  6 11 12 31 56   48.89   14.71     -1.0 
2021  6 11 12 32 36   46.46   15.49     43.0 
2021  6 11 12 33  4   46.02   12.06    -12.0 
2021  6 11 12 34 12   48.87   14.69     58.0 
2021  6 11 12 34 12   48.88   14.68     15.0 
2021  6 11 12 34 56   48.29   15.28    -32.0 
2021  6 11 12 35  1   48.87   14.72     14.0 
2021  6 11 12 35 13   50.51   15.00    116.0 
2021  6 11 12 36 13   46.38   15.60     90.0 
2021  6 11 12 36 15   50.00   12.15    -68.0 
2021  6 11 12 36 26   49.13   14.79    -66.0 
2021  6 11 12 36 59   49.99   12.15     12.0 
2021  6 11 12 37 49   49.98   12.14    -13.0 
2021  6 11 12 38  8   46.69   15.39      6.0 
2021  6 11 12 38  8   46.70   15.38    176.0 
2021  6 11 12 38  8   46.70   15.38     -9.0 
2021  6 11 12 38 27   47.92   15.45     34.0 
2021  6 11 12 39  3   46.38   15.59     24.0 
2021  6 11 12 41  7   46.38   15.57    102.0 
2021  6 11 12 42 48   46.26   15.88    140.0 
2021  6 11 12 42 49   46.24   15.91     14.0 
2021  6 11 12 43  9   50.17   15.87     69.0 
2021  6 11 12 43 32   50.45   14.63     27.0 
2021  6 11 12 45 12   46.24   15.90     32.0 
2021  6 11 12 45 21   46.41   15.59    -11.0 
2021  6 11 12 46 50   46.21   15.95     35.0 
2021  6 11 12 46 55   46.39   15.57    -12.0 
2021  6 11 12 47  5   49.07   15.11    -54.0 
2021  6 11 12 47 40   46.35   15.61     -5.0 
2021  6 11 12 47 40   49.96   12.05     71.0 
2021  6 11 12 47 40   49.98   12.07     12.0 
2021  6 11 12 47 42   46.34   15.64     -6.0 
2021  6 11 12 47 50   46.35   15.61     19.0 
2021  6 11 12 47 57   46.38   15.56     -8.0 
2021  6 11 12 48  3   46.34   15.58    -10.0 
2021  6 11 12 48  9   48.70   14.40     24.0 
2021  6 11 12 48  9   48.72   14.42     76.0 
2021  6 11 12 48 11   46.35   15.60     -2.0 
2021  6 11 12 49  0   49.02   15.04     55.0 
2021  6 11 12 49  4   46.33   15.58     -7.0 
2021  6 11 12 49  8   49.46   14.44    -43.0 
2021  6 11 12 49  8   49.46   14.49     36.0 
2021  6 11 12 49 14   50.39   14.89     84.0 
2021  6 11 12 49 14   50.42   14.94     -2.0 
2021  6 11 12 49 14   50.41   14.93      8.0 
2021  6 11 12 49 29   46.36   15.62     -3.0 
2021  6 11 12 49 34   46.34   15.61     -3.0 
2021  6 11 12 49 45   46.38   15.58    -13.0 
2021  6 11 12 49 50   46.34   15.60     10.0 
2021  6 11 12 50 20   46.40   15.58     30.0 
2021  6 11 12 50 49   46.21   15.81     27.0 
2021  6 11 12 50 51   46.34   15.61      4.0 
2021  6 11 12 51 37   46.36   15.62    -15.0 
2021  6 11 12 52 19   46.38   15.64    -42.0 
2021  6 11 12 52 40   46.37   15.69      5.0 
2021  6 11 12 52 41   46.35   15.62     56.0 
2021  6 11 12 52 41   46.31   15.63     15.0 
2021  6 11 12 52 49   46.36   15.66     29.0 
2021  6 11 12 52 49   46.36   15.65     24.0 
2021  6 11 12 52 49   49.92   15.56    -38.0 
2021  6 11 12 52 58   46.63   15.45    -87.0 
2021  6 11 12 52 58   46.64   15.45    -19.0 
2021  6 11 12 52 58   46.58   15.47    -52.0 
2021  6 11 12 52 58   46.63   15.50    -30.0 
2021  6 11 12 52 59   49.08   15.08     59.0 
2021  6 11 12 53  0   49.04   15.09     34.0 
2021  6 11 12 53  7   49.92   15.58      5.0 
2021  6 11 12 53  8   49.92   15.54      3.0 
2021  6 11 12 53 22   49.94   15.56    -13.0 
2021  6 11 12 53 27   49.93   15.57      2.0 
2021  6 11 12 53 30   49.08   15.08     30.0 
2021  6 11 12 53 31   49.08   15.10     -5.0 
2021  6 11 12 53 37   48.86   14.87    -21.0 
2021  6 11 12 53 41   46.35   15.65     42.0 
2021  6 11 12 53 41   46.35   15.65     12.0 
2021  6 11 12 53 41   46.36   15.67     -3.0 
2021  6 11 12 53 42   49.93   15.59      3.0 
2021  6 11 12 53 42   49.92   15.55     -4.0 
2021  6 11 12 53 44   49.96   12.11    -15.0 
2021  6 11 12 53 44   49.95   12.09      9.0 
2021  6 11 12 53 44   49.96   12.10    -10.0 
2021  6 11 12 53 52   46.36   15.61     10.0 
2021  6 11 12 54  2   46.33   15.64     70.0 
2021  6 11 12 54 12   46.36   15.61     -6.0 
2021  6 11 12 54 12   46.33   15.59      5.0 
2021  6 11 12 54 12   46.33   15.64     11.0 
2021  6 11 12 54 12   49.91   15.54     -5.0 
2021  6 11 12 54 25   50.37   14.75    -52.0 
2021  6 11 12 54 28   49.92   15.55      2.0 
2021  6 11 12 54 30   46.34   15.63    -50.0 
2021  6 11 12 54 37   49.92   15.58     -4.0 
2021  6 11 12 54 53   46.33   15.65     -3.0 
2021  6 11 12 55  4   49.94   15.62    -18.0 
2021  6 11 12 55  5   49.96   12.10    -11.0 
2021  6 11 12 55 14   49.05   15.06      2.0 
2021  6 11 12 55 29   47.79   15.41    -28.0 
2021  6 11 12 55 37   49.90   15.56     35.0 
2021  6 11 12 55 37   49.92   15.56    -25.0 
2021  6 11 12 55 37   49.92   15.48      5.0 
2021  6 11 12 55 38   46.34   15.61      6.0 
2021  6 11 12 55 49   49.90   15.55     18.0 
2021  6 11 12 55 55   49.92   15.56    -14.0 
2021  6 11 12 55 55   48.86   14.87     51.0 
2021  6 11 12 55 55   48.85   14.92     36.0 
2021  6 11 12 56  2   49.91   15.58    -24.0 
2021  6 11 12 56  2   49.90   15.55     -6.0 
2021  6 11 12 56  5   49.96   12.10     -2.0 
2021  6 11 12 56 10   49.93   15.56    -23.0 
2021  6 11 12 56 10   49.90   15.55     13.0 
2021  6 11 12 56 17   49.91   15.57    -10.0 
2021  6 11 12 56 17   49.89   15.49     13.0 
2021  6 11 12 56 17   49.91   15.57      2.0 
2021  6 11 12 56 21   46.32   15.59     17.0 
2021  6 11 12 56 30   49.90   15.56     17.0 
2021  6 11 12 56 35   46.32   15.63     37.0 
2021  6 11 12 56 36   46.33   15.65     -4.0 
2021  6 11 12 56 38   49.08   15.04     -5.0 
2021  6 11 12 56 38   49.91   15.53      8.0 
2021  6 11 12 56 38   49.92   15.59      4.0 
2021  6 11 12 56 46   49.93   15.56    -33.0 
2021  6 11 12 56 55   49.91   15.56     14.0 
2021  6 11 12 56 56   48.39   14.59     14.0 
2021  6 11 12 56 56   48.38   14.55     97.0 
2021  6 11 12 56 56   48.37   14.59     -3.0 
2021  6 11 12 56 56   48.37   14.59      3.0 
2021  6 11 12 57  4   49.90   15.53     26.0 
2021  6 11 12 57  4   49.91   15.59      9.0 
2021  6 11 12 57  4   46.32   15.59    -17.0 
2021  6 11 12 57  4   49.93   15.55     -6.0 
2021  6 11 12 57 12   49.93   15.53    -17.0 
2021  6 11 12 57 12   49.90   15.55      8.0 
2021  6 11 12 57 13   46.41   15.51     20.0 
2021  6 11 12 57 23   49.87   15.54      5.0 
2021  6 11 12 57 24   50.34   14.80      7.0 
2021  6 11 12 57 25   50.34   14.82     90.0 
2021  6 11 12 57 25   50.32   14.79    -32.0 
2021  6 11 12 57 27   49.06   15.09      5.0 
2021  6 11 12 57 29   49.88   15.51     10.0 
2021  6 11 12 57 38   46.33   15.62     15.0 
2021  6 11 12 57 50   49.06   15.07     16.0 
2021  6 11 12 57 55   46.31   15.65     19.0 
2021  6 11 12 57 55   46.32   15.66    -11.0 
2021  6 11 12 57 57   50.36   14.82     11.0 
2021  6 11 12 57 57   50.34   14.86      3.0 
2021  6 11 12 58  8   49.91   15.58     -4.0 
2021  6 11 12 58  9   49.95   15.51      8.0 
2021  6 11 12 58 16   49.89   15.57      4.0 
2021  6 11 12 58 17   49.90   15.63    -13.0 
2021  6 11 12 58 18   49.07   15.08      3.0 
2021  6 11 12 58 21   50.37   14.85     -3.0 
2021  6 11 12 58 21   50.36   14.83      8.0 
2021  6 11 12 58 22   49.91   15.56     -2.0 
2021  6 11 12 58 22   49.91   15.57      3.0 
2021  6 11 12 58 28   46.35   15.64    -23.0 
2021  6 11 12 58 28   46.35   15.64    -17.0 
2021  6 11 12 58 49   49.92   15.55      2.0 
2021  6 11 12 58 49   49.92   15.57      3.0 
2021  6 11 12 58 58   48.35   14.58    -17.0 
2021  6 11 12 58 58   48.34   14.58     10.0 
2021  6 11 12 58 58   48.37   14.59     -8.0 
2021  6 11 12 59 10   49.07   15.10      3.0 
2021  6 11 12 59 14   48.37   14.63      4.0 
2021  6 11 12 59 21   46.27   15.67     91.0 
2021  6 11 12 59 22   49.92   15.61     -3.0 
2021  6 11 12 59 22   49.86   15.57      2.0 
2021  6 11 12 59 34   49.93   15.59      4.0 
2021  6 11 12 59 34   49.89   15.55      9.0 
2021  6 11 13  0  1   46.33   15.61    -21.0 
2021  6 11 13  0  1   46.35   15.61    -13.0 
2021  6 11 13  0  1   46.30   15.56      8.0 
2021  6 11 13  0  1   46.27   15.54     20.0 
2021  6 11 13  0  7   48.37   14.65     -2.0 
2021  6 11 13  0 24   49.85   15.56     -9.0 
2021  6 11 13  0 36   49.96   12.10     -3.0 
2021  6 11 13  0 36   49.96   12.12     -5.0 
2021  6 11 13  0 45   49.90   15.59     -6.0 
2021  6 11 13  0 48   50.34   14.84      8.0 
2021  6 11 13  0 52   48.37   14.63     -2.0 
2021  6 11 13  0 53   49.85   15.51      8.0 
2021  6 11 13  0 53   49.86   15.56    -16.0 
2021  6 11 13  0 56   49.89   15.54     13.0 
2021  6 11 13  1 36   49.90   15.59     14.0 
2021  6 11 13  1 59   46.27   15.67      3.0 
2021  6 11 13  2 16   46.28   15.54     13.0 
2021  6 11 13  2 21   50.33   14.83     -2.0 
2021  6 11 13  2 42   49.90   15.57     -5.0 
2021  6 11 13  3  2   49.94   15.58      2.0 
2021  6 11 13  4 28   49.88   15.54      7.0 
2021  6 11 13  4 50   49.86   15.58      2.0 
2021  6 11 13  4 59   47.65   15.17   -261.0 
2021  6 11 13  5 38   46.36   15.54     85.0 
2021  6 11 13  6 17   48.34   14.56    -18.0 
2021  6 11 13  7  5   48.37   14.60    -11.0 
2021  6 11 13  7 13   46.37   15.58     39.0 
2021  6 11 13  7 13   46.36   15.57    -23.0 
2021  6 11 13  7 13   46.36   15.55     -7.0 
2021  6 11 13  7 13   46.35   15.55     -7.0 
2021  6 11 13  7 33   48.83   14.97     31.0 
2021  6 11 13  7 34   48.83   14.97    -15.0 
2021  6 11 13  8 12   46.37   15.53    -35.0 
2021  6 11 13  8 43   46.28   15.59    218.0 
2021  6 11 13  9 12   49.97   15.87     16.0 
2021  6 11 13 10 36   48.35   14.60     50.0 
2021  6 11 13 10 43   46.36   15.52     62.0 
2021  6 11 13 11  8   49.09   15.05     27.0 
2021  6 11 13 11 30   49.12   15.11    -23.0 
2021  6 11 13 12  3   49.05   15.01     10.0 
2021  6 11 13 12  7   48.34   14.57     37.0 
2021  6 11 13 12 25   48.93   13.15    -85.0 
2021  6 11 13 12 52   49.09   15.07     -4.0 
2021  6 11 13 13 32   48.35   14.59     20.0 
2021  6 11 13 13 56   49.83   15.65    -16.0 
2021  6 11 13 13 58   46.97   15.19     24.0 
2021  6 11 13 14 58   48.67   14.22     24.0 
2021  6 11 13 15 55   49.82   15.66     -4.0 
2021  6 11 13 16  9   49.06   15.07    -23.0 
2021  6 11 13 16 19   46.15   15.75    -18.0 
2021  6 11 13 16 19   46.15   15.74    -19.0 
2021  6 11 13 16 38   50.16   15.93    -93.0 
2021  6 11 13 16 38   50.15   15.95     13.0 
2021  6 11 13 16 52   48.60   14.48    -16.0 
2021  6 11 13 16 53   48.59   14.50    -19.0 
2021  6 11 13 16 53   48.60   14.50    -17.0 
2021  6 11 13 17 32   49.81   15.67    -14.0 
2021  6 11 13 17 37   49.81   15.65      4.0 
2021  6 11 13 17 44   49.81   15.68      2.0 
2021  6 11 13 17 49   49.80   15.65    -10.0 
2021  6 11 13 18 10   50.15   15.94     42.0 
2021  6 11 13 18 10   50.15   15.94    -15.0 
2021  6 11 13 18 10   50.15   15.99     10.0 
2021  6 11 13 18 24   49.81   15.63     -4.0 
2021  6 11 13 18 37   49.82   15.66     -7.0 
2021  6 11 13 18 47   49.81   15.67      3.0 
2021  6 11 13 18 50   50.13   15.95     19.0 
2021  6 11 13 19  4   48.88   13.15    139.0 
2021  6 11 13 19  7   49.80   15.62    -12.0 
2021  6 11 13 19 27   46.01   15.83     22.0 
2021  6 11 13 19 56   49.80   15.68      3.0 
2021  6 11 13 20  0   49.79   15.66     -7.0 
2021  6 11 13 20 38   49.81   15.68     -4.0 
2021  6 11 13 20 38   48.87   13.13      3.0 
2021  6 11 13 21 27   49.79   15.68     -3.0 
2021  6 11 13 21 48   50.13   15.99     29.0 
2021  6 11 13 21 48   50.13   15.97     35.0 
2021  6 11 13 21 48   50.13   15.97      4.0 
2021  6 11 13 21 48   50.13   15.98      4.0 
2021  6 11 13 21 55   49.80   15.68      3.0 
2021  6 11 13 23  5   49.78   15.68      4.0 
2021  6 11 13 23  9   46.37   15.58    -39.0 
2021  6 11 13 23 13   49.79   15.66      9.0 
2021  6 11 13 23 49   49.75   12.71     18.0 
2021  6 11 13 24 15   46.40   15.57    -47.0 
2021  6 11 13 24 20   49.77   15.67     20.0 
2021  6 11 13 24 24   49.81   15.66     15.0 
2021  6 11 13 24 41   50.12   15.95      5.0 
2021  6 11 13 24 44   49.80   15.68     15.0 
2021  6 11 13 24 54   49.81   15.65      8.0 
2021  6 11 13 24 54   49.81   15.63      2.0 
2021  6 11 13 25 34   49.82   15.71    -11.0 
2021  6 11 13 26 14   49.80   15.65      6.0 
2021  6 11 13 26 25   49.80   15.68     14.0 
2021  6 11 13 26 25   49.81   15.68     21.0 
2021  6 11 13 26 25   49.80   15.73    -15.0 
2021  6 11 13 26 37   49.80   15.67     17.0 
2021  6 11 13 26 37   49.81   15.71    -20.0 
2021  6 11 13 26 46   49.82   15.67    -16.0 
2021  6 11 13 27  8   49.77   15.67      9.0 
2021  6 11 13 27 16   49.74   15.67     -3.0 
2021  6 11 13 27 34   49.72   12.71     37.0 
2021  6 11 13 27 34   49.71   12.71     16.0 
2021  6 11 13 27 42   49.81   15.71     16.0 
2021  6 11 13 27 54   49.78   15.73      2.0 
2021  6 11 13 28  3   49.81   15.70      2.0 
2021  6 11 13 28 13   49.75   15.71     -2.0 
2021  6 11 13 28 14   49.75   15.65     -2.0 
2021  6 11 13 28 22   46.31   15.50    -27.0 
2021  6 11 13 28 33   49.79   15.72     -3.0 
2021  6 11 13 28 33   49.79   15.74     -2.0 
2021  6 11 13 29 11   49.62   15.51     35.0 
2021  6 11 13 29 18   49.78   15.71     -2.0 
2021  6 11 13 29 18   49.79   15.70      3.0 
2021  6 11 13 29 18   49.77   15.68     -4.0 
2021  6 11 13 29 25   49.59   15.53     60.0 
2021  6 11 13 29 51   49.81   15.70      3.0 
2021  6 11 13 30  8   49.59   15.49      9.0 
2021  6 11 13 30  8   49.60   15.51     -2.0 
2021  6 11 13 30 15   49.71   12.70    -59.0 
2021  6 11 13 30 28   49.61   15.51    -14.0 
2021  6 11 13 30 49   49.59   15.52     17.0 
2021  6 11 13 30 54   46.32   15.49     -8.0 
2021  6 11 13 30 58   49.60   15.55      3.0 
2021  6 11 13 31 15   49.79   15.71     -2.0 
2021  6 11 13 31 21   46.02   15.74     16.0 
2021  6 11 13 31 36   48.23   14.60      4.0 
2021  6 11 13 31 36   48.23   14.60    -16.0 
2021  6 11 13 31 36   48.22   14.61    -18.0 
2021  6 11 13 31 44   46.93   15.11    -59.0 
2021  6 11 13 31 53   46.03   15.74     11.0 
2021  6 11 13 31 53   46.04   15.73      3.0 
2021  6 11 13 32 11   49.61   15.54     24.0 
2021  6 11 13 32 39   49.62   15.55      6.0 
2021  6 11 13 32 40   49.79   15.70     -7.0 
2021  6 11 13 32 41   49.81   15.68     -4.0 
2021  6 11 13 32 49   49.58   15.55     -2.0 
2021  6 11 13 33 20   49.59   15.51    -14.0 
2021  6 11 13 33 20   49.60   15.53    -14.0 
2021  6 11 13 34  6   49.61   15.56    -23.0 
2021  6 11 13 34 20   49.10   15.09     24.0 
2021  6 11 13 34 29   49.60   15.54     -7.0 
2021  6 11 13 34 37   46.15   15.64     82.0 
2021  6 11 13 34 39   48.86   13.49     42.0 
2021  6 11 13 34 48   49.78   15.72     22.0 
2021  6 11 13 35 39   48.23   14.59     43.0 
2021  6 11 13 35 39   48.21   14.57     13.0 
2021  6 11 13 35 39   48.22   14.57      5.0 
2021  6 11 13 35 54   49.58   15.55     26.0 
2021  6 11 13 35 54   49.59   15.52     -5.0 
2021  6 11 13 35 54   49.64   15.59     17.0 
2021  6 11 13 36  6   46.05   15.76     45.0 
2021  6 11 13 36 11   49.59   15.55    -60.0 
2021  6 11 13 36 32   49.59   15.56     14.0 
2021  6 11 13 36 33   49.61   15.52      3.0 
2021  6 11 13 36 33   49.56   15.50     -7.0 
2021  6 11 13 36 49   49.78   15.74     60.0 
2021  6 11 13 37 18   49.58   15.53     -7.0 
2021  6 11 13 37 18   49.57   15.54      6.0 
2021  6 11 13 37 18   49.60   15.54    -14.0 
2021  6 11 13 37 26   49.56   15.55     39.0 
2021  6 11 13 37 32   49.56   15.48     -6.0 
2021  6 11 13 37 32   49.58   15.53     -6.0 
2021  6 11 13 37 52   49.71   15.70     37.0 
2021  6 11 13 38 23   49.80   15.58     67.0 
2021  6 11 13 38 29   46.13   15.65     60.0 
2021  6 11 13 38 53   49.56   15.49     38.0 
2021  6 11 13 38 56   46.01   15.82     30.0 
2021  6 11 13 39 34   46.01   15.78     10.0 
2021  6 11 13 39 35   46.06   15.72     25.0 
2021  6 11 13 39 39   49.58   15.58     23.0 
2021  6 11 13 40  9   46.12   15.64    119.0 
2021  6 11 13 40 21   46.01   15.78     41.0 
2021  6 11 13 40 28   49.56   15.55     19.0 
2021  6 11 13 40 46   49.57   15.56      3.0 
2021  6 11 13 40 47   49.32   15.46     17.0 
2021  6 11 13 41 21   50.06   15.94     17.0 
2021  6 11 13 41 23   49.77   15.74     72.0 
2021  6 11 13 41 23   49.71   15.64    -21.0 
2021  6 11 13 41 23   49.72   15.64    -18.0 
2021  6 11 13 41 23   49.72   15.64     -5.0 
2021  6 11 13 41 26   46.05   15.72     17.0 
2021  6 11 13 41 56   49.56   15.53     -6.0 
2021  6 11 13 42 45   49.77   15.74     67.0 
2021  6 11 13 42 56   46.00   15.71     -7.0 
2021  6 11 13 45 17   49.66   15.70    -36.0 
2021  6 11 13 45 17   49.75   15.74    112.0 
2021  6 11 13 45 17   49.67   15.70     -9.0 
2021  6 11 13 45 45   49.66   15.73     33.0 
2021  6 11 13 45 57   46.12   15.63     49.0 
2021  6 11 13 46 12   49.66   15.72     26.0 
2021  6 11 13 46 12   49.68   15.72     -9.0 
2021  6 11 13 46 46   49.66   15.74     35.0 
2021  6 11 13 46 46   49.66   15.74    -26.0 
2021  6 11 13 47 19   49.76   15.76    -55.0 
2021  6 11 13 47 19   49.61   15.70     24.0 
2021  6 11 13 47 19   49.67   15.71     -5.0 
2021  6 11 13 47 19   49.66   15.72    -11.0 
2021  6 11 13 47 19   49.65   15.70     10.0 
2021  6 11 13 47 25   48.90   13.53     35.0 
2021  6 11 13 47 41   49.51   15.56     21.0 
2021  6 11 13 47 43   49.67   15.73    -24.0 
2021  6 11 13 48 11   46.11   15.63     30.0 
2021  6 11 13 48 33   48.50   15.00     32.0 
2021  6 11 13 48 38   49.68   15.74     38.0 
2021  6 11 13 48 38   49.65   15.73     35.0 
2021  6 11 13 48 38   49.66   15.73     32.0 
2021  6 11 13 48 38   49.64   15.76     -3.0 
2021  6 11 13 49 12   49.64   15.68     22.0 
2021  6 11 13 49 12   49.63   15.68      6.0 
2021  6 11 13 49 14   49.57   15.54     78.0 
2021  6 11 13 50 18   49.52   15.54      4.0 
2021  6 11 13 50 36   49.64   15.74     26.0 
2021  6 11 13 50 36   49.64   15.74     19.0 
2021  6 11 13 50 36   49.66   15.77      3.0 
2021  6 11 13 50 36   49.66   15.71    129.0 
2021  6 11 13 50 57   48.61   13.84     54.0 
2021  6 11 13 50 57   48.61   13.84    -14.0 
2021  6 11 13 50 58   46.11   15.63     38.0 
2021  6 11 13 51 53   48.56   13.76     58.0 
2021  6 11 13 52  0   46.08   15.59     26.0 
2021  6 11 13 52  1   46.14   15.52    160.0 
2021  6 11 13 52  5   49.53   15.60     35.0 
2021  6 11 13 52  5   46.85   15.08    -39.0 
2021  6 11 13 52  5   46.83   15.05      8.0 
2021  6 11 13 52 37   49.49   15.57     11.0 
2021  6 11 13 53 17   48.58   13.85      3.0 
2021  6 11 13 53 29   49.10   15.14     18.0 
2021  6 11 13 54 12   48.60   15.10     -7.0 
2021  6 11 13 54 12   48.60   15.13    -15.0 
2021  6 11 13 54 13   49.48   15.44    -17.0 
2021  6 11 13 54 13   48.59   15.10    -11.0 
2021  6 11 13 54 13   48.60   15.11    -17.0 
2021  6 11 13 54 33   49.83   13.63     55.0 
2021  6 11 13 55 28   48.88   13.53     46.0 
2021  6 11 13 55 46   50.24   11.50    -14.0 
2021  6 11 13 55 46   50.24   11.48    -29.0 
2021  6 11 13 56  2   46.13   15.60     77.0 
2021  6 11 13 56 29   49.64   15.76     12.0 
2021  6 11 13 59  7   48.59   15.14     -3.0 
2021  6 11 13 59  7   48.59   15.12     -9.0 
2021  6 11 13 59  7   48.60   15.13    -19.0 
2021  6 11 13 59  7   48.60   15.13    -19.0 
2021  6 11 13 59  7   48.60   15.14     -5.0 
2021  6 11 13 59 21   49.79   13.73    112.0 
2021  6 11 14  0 11   49.98   15.90     46.0 
2021  6 11 14  0 18   49.47   15.55     17.0 
2021  6 11 14  0 27   48.57   15.15    -20.0 
2021  6 11 14  0 34   49.67   15.68    124.0 
2021  6 11 14  1 26   49.94   15.86     47.0 
2021  6 11 14  1 35   49.80   13.75     -2.0 
2021  6 11 14  1 58   48.57   15.15    -16.0 
2021  6 11 14  2 17   46.88   14.46    -49.0 
2021  6 11 14  2 17   46.86   14.46    -13.0 
2021  6 11 14  2 22   46.04   15.54     54.0 
2021  6 11 14  2 22   46.02   15.56    -14.0 
2021  6 11 14  2 35   48.56   15.15     -2.0 
2021  6 11 14  2 35   48.58   15.17    -16.0 
2021  6 11 14  2 35   48.57   15.15    -20.0 
2021  6 11 14  2 35   48.57   15.16    -12.0 
2021  6 11 14  2 37   50.01   15.75     38.0 
2021  6 11 14  2 51   49.98   15.87     -2.0 
2021  6 11 14  2 58   46.88   14.46     19.0 
2021  6 11 14  3  4   46.01   15.54    -20.0 
2021  6 11 14  3  4   46.00   15.53    -28.0 
2021  6 11 14  3  4   46.01   15.53    -46.0 
2021  6 11 14  3 31   49.98   15.81      2.0 
2021  6 11 14  3 31   50.00   15.79     38.0 
2021  6 11 14  3 31   50.00   15.79     50.0 
2021  6 11 14  3 31   50.05   15.81    -17.0 
2021  6 11 14  3 31   50.01   15.82     -3.0 
2021  6 11 14  3 31   50.01   15.79    -20.0 
2021  6 11 14  3 34   49.79   13.71     23.0 
2021  6 11 14  3 34   47.05   15.84    -17.0 
2021  6 11 14  3 57   49.98   15.72     10.0 
2021  6 11 14  4 30   49.79   13.72     11.0 
2021  6 11 14  4 30   49.79   13.72    -10.0 
2021  6 11 14  5  3   49.78   13.68     50.0 
2021  6 11 14  5  3   49.79   13.73     -5.0 
2021  6 11 14  5  4   50.00   15.77      4.0 
2021  6 11 14  5 23   46.04   15.55    -22.0 
2021  6 11 14  5 32   49.78   13.76    -24.0 
2021  6 11 14  5 32   49.81   13.78     -6.0 
2021  6 11 14  5 38   50.01   15.76     26.0 
2021  6 11 14  5 51   49.76   13.75     20.0 
2021  6 11 14  5 51   49.79   13.76    -63.0 
2021  6 11 14  5 51   49.79   13.79     11.0 
2021  6 11 14  6  6   50.00   15.81     10.0 
2021  6 11 14  6  6   49.99   15.81     17.0 
2021  6 11 14  6  6   49.98   15.82     20.0 
2021  6 11 14  6  6   49.99   15.84     20.0 
2021  6 11 14  6 28   49.72   13.74     61.0 
2021  6 11 14  7  8   49.77   13.76     18.0 
2021  6 11 14  7  8   49.76   13.73     31.0 
2021  6 11 14  7 19   49.97   15.89    -40.0 
2021  6 11 14  7 30   49.78   13.76    -13.0 
2021  6 11 14  7 39   49.70   14.94    -22.0 
2021  6 11 14  7 49   49.78   13.73    -15.0 
2021  6 11 14  7 49   49.81   13.77     20.0 
2021  6 11 14  7 49   49.78   13.73      7.0 
2021  6 11 14  7 49   49.77   13.72     13.0 
2021  6 11 14  8 14   49.99   15.80    123.0 
2021  6 11 14  8 54   49.77   13.75      4.0 
2021  6 11 14  9  3   47.79    8.06    -16.0 
2021  6 11 14  9  3   47.79    8.06     -6.0 
2021  6 11 14  9  8   49.75   13.72      6.0 
2021  6 11 14  9 26   49.77   13.75      3.0 
2021  6 11 14  9 28   49.71   14.96    -22.0 
2021  6 11 14  9 42   49.73   13.70      3.0 
2021  6 11 14  9 54   49.79   13.76      2.0 
2021  6 11 14 10 27   49.99   15.80     26.0 
2021  6 11 14 10 58   49.98   15.76     -2.0 
2021  6 11 14 11 42   49.95   15.75     -8.0 
2021  6 11 14 11 42   49.98   15.71    -33.0 
2021  6 11 14 11 42   49.98   15.77      4.0 
2021  6 11 14 11 52   49.96   15.77     -1.0 
2021  6 11 14 12  9   49.97   15.76    -14.0 
2021  6 11 14 12 16   47.03   15.84    -33.0 
2021  6 11 14 12 50   48.51   15.21    -31.0 
2021  6 11 14 12 51   48.54   15.17    -34.0 
2021  6 11 14 12 51   48.52   15.15     -8.0 
2021  6 11 14 12 52   49.98   15.77      3.0 
2021  6 11 14 13 46   49.97   15.82     -2.0 
2021  6 11 14 14  3   49.98   15.79     -8.0 
2021  6 11 14 14 10   49.12   15.06     23.0 
2021  6 11 14 14 10   49.10   15.07     25.0 
2021  6 11 14 14 10   49.11   15.08    -24.0 
2021  6 11 14 15 27   49.08   15.05      2.0 
2021  6 11 14 15 29   46.79   13.82    -40.0 
2021  6 11 14 16 15   49.37   15.46     43.0 
2021  6 11 14 16 25   49.67   14.97     22.0 
2021  6 11 14 16 29   46.82   14.40     68.0 
2021  6 11 14 17 24   49.38   15.54    -19.0 
2021  6 11 14 23 15   50.08   12.14     38.0 
2021  6 11 14 24  0   49.98   15.76    -18.0 
2021  6 11 14 24  0   49.99   15.78     74.0 
2021  6 11 14 24 23   49.47   15.39     -5.0 
2021  6 11 14 24 32   49.48   15.45     72.0 
2021  6 11 14 24 32   49.47   15.36     -5.0 
2021  6 11 14 24 32   49.48   15.39      3.0 
2021  6 11 14 24 32   49.47   15.46     -8.0 
2021  6 11 14 24 32   49.56   13.50     41.0 
2021  6 11 14 24 33   49.71   13.85     45.0 
2021  6 11 14 25  6   49.98   15.76     -5.0 
2021  6 11 14 26 54   49.72   13.84     62.0 
2021  6 11 14 27 30   49.56   13.53     11.0 
2021  6 11 14 28 53   49.47   15.43     67.0 
2021  6 11 14 28 56   49.60   14.96     64.0 
2021  6 11 14 28 59   49.56   13.52     16.0 
2021  6 11 14 28 59   49.54   13.51    -16.0 
2021  6 11 14 29 57   46.30    7.01     29.0 
2021  6 11 14 30 46   49.56   13.50    -35.0 
2021  6 11 14 32  0   49.72   13.87   -107.0 
2021  6 11 14 32  5   49.43   15.46     51.0 
2021  6 11 14 32  5   49.47   15.49     15.0 
2021  6 11 14 32  5   49.47   15.45    -16.0 
2021  6 11 14 33 26   49.28   15.70     -3.0 
2021  6 11 14 33 26   49.28   15.70    -13.0 
2021  6 11 14 33 26   49.29   15.72    -30.0 
2021  6 11 14 33 52   47.11   15.26    -23.0 
2021  6 11 14 35 11   47.17   15.23    -26.0 
2021  6 11 14 35 58   47.17   15.18    -15.0 
2021  6 11 14 36 18   49.44   15.47     29.0 
2021  6 11 14 36 18   49.47   15.44      2.0 
2021  6 11 14 36 21   47.18   15.19    -16.0 
2021  6 11 14 37 53   46.66   15.01    -12.0 
2021  6 11 14 37 53   46.65   15.00    -11.0 
2021  6 11 14 38  8   47.17   15.21      5.0 
2021  6 11 14 39 18   46.62   14.97    -30.0 
2021  6 11 14 39 18   46.61   14.99    -16.0 
2021  6 11 14 39 18   46.62   15.01    -25.0 
2021  6 11 14 39 18   46.60   14.96    -17.0 
2021  6 11 14 39 26   47.07   15.26    -28.0 
2021  6 11 14 40 19   47.17   15.22    -21.0 
2021  6 11 14 40 20   47.19   15.38    -22.0 
2021  6 11 14 40 40   49.21   15.56     60.0 
2021  6 11 14 40 41   49.24   15.71     19.0 
2021  6 11 14 40 41   49.25   15.73     63.0 
2021  6 11 14 40 41   49.23   15.70    -20.0 
2021  6 11 14 40 41   49.23   15.70    -15.0 
2021  6 11 14 41  7   49.44   15.52     98.0 
2021  6 11 14 41  7   49.42   15.46     20.0 
2021  6 11 14 41  7   49.42   15.48    -12.0 
2021  6 11 14 41  9   47.15   15.20    -33.0 
2021  6 11 14 41 10   47.16   15.21    -11.0 
2021  6 11 14 41 10   47.14   15.20    -31.0 
2021  6 11 14 41 27   49.53   14.88    -37.0 
2021  6 11 14 41 45   46.63   14.97    -11.0 
2021  6 11 14 41 45   46.64   14.98    -10.0 
2021  6 11 14 41 52   47.14   15.23    -23.0 
2021  6 11 14 41 52   47.14   15.16    -12.0 
2021  6 11 14 42  1   49.59   14.81     48.0 
2021  6 11 14 42  1   49.56   14.94      9.0 
2021  6 11 14 42 36   49.23   15.73      8.0 
2021  6 11 14 42 36   49.24   15.73     75.0 
2021  6 11 14 42 39   47.10   15.24    -44.0 
2021  6 11 14 43 28   46.64   14.98     -9.0 
2021  6 11 14 43 37   49.98   15.66    -66.0 
2021  6 11 14 43 40   47.19   15.18     18.0 
2021  6 11 14 44 36   47.16   15.21    -45.0 
2021  6 11 14 44 36   47.14   15.22    -21.0 
2021  6 11 14 45 16   49.48   13.19     -5.0 
2021  6 11 14 45 16   49.46   13.19     47.0 
2021  6 11 14 45 55   49.53   14.94     17.0 
2021  6 11 14 46  5   47.16   15.22     16.0 
2021  6 11 14 47 36   49.53   14.95     -2.0 
2021  6 11 14 48 32   48.42   13.98   -112.0 
2021  6 11 14 49 38   49.19   15.21    170.0 
2021  6 11 14 49 48   48.39   13.92    -45.0 
2021  6 11 14 49 48   48.36   13.90      2.0 
2021  6 11 14 51 36   49.37   15.28     31.0 
2021  6 11 14 52 25   49.63   13.92     18.0 
2021  6 11 14 53  3   49.21   15.22    -53.0 
2021  6 11 14 53 15   46.98   15.98     15.0 
2021  6 11 14 53 40   49.66   13.90    -38.0 
2021  6 11 14 54  6   49.35   15.31     19.0 
2021  6 11 14 54  8   47.14   15.21     14.0 
2021  6 11 14 54  8   47.11   15.19    -19.0 
2021  6 11 14 54  8   47.10   15.19    -19.0 
2021  6 11 14 54  8   47.18   15.22    -30.0 
2021  6 11 14 54 26   49.45   13.48   -108.0 
2021  6 11 14 54 26   49.43   13.46      5.0 
2021  6 11 14 54 26   49.45   13.46     -2.0 
2021  6 11 14 54 36   49.10   13.59     89.0 
2021  6 11 14 54 36   49.08   13.53      6.0 
2021  6 11 14 54 36   49.11   13.61      3.0 
2021  6 11 14 54 36   49.11   13.63     25.0 
2021  6 11 14 54 36   49.10   13.59      2.0 
2021  6 11 14 54 40   49.78   15.73     58.0 
2021  6 11 14 54 42   49.45   13.50    -18.0 
2021  6 11 14 55 19   46.69   13.51    -20.0 
2021  6 11 14 55 28   49.63   13.91      3.0 
2021  6 11 14 55 31   46.98   15.97    -13.0 
2021  6 11 14 55 40   49.09   13.62     -5.0 
2021  6 11 14 56  3   47.09   15.20    -30.0 
2021  6 11 14 56  4   47.09   15.16     -9.0 
2021  6 11 14 56 16   49.09   13.61     -5.0 
2021  6 11 14 57  5   46.64   13.49    -28.0 
2021  6 11 14 57  7   47.11   15.20    -14.0 
2021  6 11 14 57 33   49.46   14.90    333.0 
2021  6 11 14 57 46   49.09   13.61     -6.0 
2021  6 11 14 57 49   49.36   15.35     34.0 
2021  6 11 14 58 24   49.78   15.79     15.0 
2021  6 11 14 58 51   49.59   13.91     23.0 
2021  6 11 14 58 57   47.09   15.18     17.0 
2021  6 11 14 58 57   47.09   15.17    -33.0 
2021  6 11 14 58 57   47.11   15.20    -22.0 
2021  6 11 14 58 57   47.11   15.16     -4.0 
2021  6 11 14 58 57   47.06   15.22      4.0 
2021  6 11 14 59 28   49.45   15.47    -60.0 
2021  6 11 14 59 39   50.02   15.88    -39.0 
2021  6 11 14 59 45   49.80   15.76     14.0 
2021  6 11 15  0  4   47.10   15.19     31.0 
2021  6 11 15  0 11   46.61   13.49    -15.0 
2021  6 11 15  1 21   49.36   15.36      4.0 
2021  6 11 15  1 26   47.08   15.15    -27.0 
2021  6 11 15  1 26   47.09   15.13     -4.0 
2021  6 11 15  1 28   49.44   13.56    -13.0 
2021  6 11 15  2 18   49.43   13.55     -1.0 
2021  6 11 15  3 12   46.65   13.51    -43.0 
2021  6 11 15  4 34   47.08   15.18   -192.0 
2021  6 11 15  4 58   49.61   13.94     38.0 
2021  6 11 15  6 13   49.28   15.09     33.0 
2021  6 11 15  6 33   46.63   13.60    -24.0 
2021  6 11 15  6 51   47.07   15.17    -92.0 
2021  6 11 15  6 51   47.08   15.17    -39.0 
2021  6 11 15  6 51   47.07   15.15    -11.0 
2021  6 11 15  7  0   49.40   15.03    -17.0 
2021  6 11 15  8 25   49.28   15.10    -22.0 
2021  6 11 15  8 25   49.27   15.10     26.0 
2021  6 11 15  8 39   49.27   15.10    -11.0 
2021  6 11 15  8 51   46.64   13.50    -26.0 
2021  6 11 15  8 52   49.27   15.07      5.0 
2021  6 11 15  9  1   47.06   15.16    -82.0 
2021  6 11 15  9  1   47.08   15.13    -15.0 
2021  6 11 15  9 22   49.27   15.10     -3.0 
2021  6 11 15  9 43   46.57   13.64    -21.0 
2021  6 11 15 10 10   49.36   14.99     20.0 
2021  6 11 15 10 21   48.39   13.97    143.0 
2021  6 11 15 10 24   49.37   15.03     -3.0 
2021  6 11 15 10 24   49.35   14.98     -9.0 
2021  6 11 15 10 26   49.26   15.09     19.0 
2021  6 11 15 10 59   48.43   14.01    -73.0 
2021  6 11 15 11 47   49.62   14.01    -83.0 
2021  6 11 15 11 47   49.60   14.00    -11.0 
2021  6 11 15 12  7   49.25   15.10     31.0 
2021  6 11 15 12  9   48.36   13.95    143.0 
2021  6 11 15 12 12   49.96   15.83    -28.0 
2021  6 11 15 12 40   49.64   14.02     -5.0 
2021  6 11 15 12 40   49.59   14.00     -3.0 
2021  6 11 15 12 43   48.35   13.97      8.0 
2021  6 11 15 12 48   49.36   15.02     -4.0 
2021  6 11 15 12 49   49.29   15.05     73.0 
2021  6 11 15 12 58   48.34   13.98      2.0 
2021  6 11 15 13 58   49.26   15.11    -17.0 
2021  6 11 15 14 10   48.41   14.03     -5.0 
2021  6 11 15 14 20   49.25   15.07     -6.0 
2021  6 11 15 14 49   49.25   15.09     -3.0 
2021  6 11 15 15 15   49.23   15.12     -3.0 
2021  6 11 15 15 41   49.33   13.36     -6.0 
2021  6 11 15 15 44   49.35   13.35      3.0 
2021  6 11 15 16 11   49.34   13.37     -2.0 
2021  6 11 15 18 17   49.34   13.36     -2.0 
2021  6 11 15 18 37   49.34   13.37     -2.0 
2021  6 11 15 19 16   49.29   13.30      8.0 
2021  6 11 15 19 24   49.31   13.31    -25.0 
2021  6 11 15 19 37   49.31   13.29    -11.0 
2021  6 11 15 19 43   49.32   13.32      3.0 
2021  6 11 15 19 43   49.31   13.26      4.0 
2021  6 11 15 19 47   49.28   13.31      9.0 
2021  6 11 15 19 51   49.35   13.34     -3.0 
2021  6 11 15 19 55   49.31   13.35     -2.0 
2021  6 11 15 20  2   49.31   13.30     -2.0 
2021  6 11 15 20 13   49.33   13.30     -4.0 
2021  6 11 15 20 17   49.34   14.97    132.0 
2021  6 11 15 20 51   49.29   13.32      7.0 
2021  6 11 15 20 54   46.88   15.42    -60.0 
2021  6 11 15 21  4   49.01   13.66     82.0 
2021  6 11 15 21  4   49.00   13.64      2.0 
2021  6 11 15 21  4   48.99   13.64    -11.0 
2021  6 11 15 21 34   49.30   13.33      2.0 
2021  6 11 15 21 36   49.35   13.59     42.0 
2021  6 11 15 21 42   49.32   13.33      9.0 
2021  6 11 15 22  4   49.28   13.34      3.0 
2021  6 11 15 22  8   47.89   13.77     32.0 
2021  6 11 15 22 10   49.31   13.36     -2.0 
2021  6 11 15 22 13   49.31   13.34     -2.0 
2021  6 11 15 22 39   49.28   13.31      4.0 
2021  6 11 15 22 39   49.32   13.36     -2.0 
2021  6 11 15 22 53   49.71   15.79     18.0 
2021  6 11 15 23  0   48.34   14.02    111.0 
2021  6 11 15 23 12   49.28   13.35     -2.0 
2021  6 11 15 24 29   49.31   13.32     -6.0 
2021  6 11 15 24 29   49.30   13.34     -3.0 
2021  6 11 15 24 38   49.96   15.95     41.0 
2021  6 11 15 24 38   49.97   15.96     47.0 
2021  6 11 15 24 50   46.85   15.44    140.0 
2021  6 11 15 24 50   46.85   15.42    -32.0 
2021  6 11 15 24 50   46.86   15.41    -20.0 
2021  6 11 15 24 53   49.30   13.36     -3.0 
2021  6 11 15 25  6   49.29   13.35      2.0 
2021  6 11 15 25  8   48.30   14.02     26.0 
2021  6 11 15 25  8   48.34   14.06     26.0 
2021  6 11 15 25  8   48.34   14.05      2.0 
2021  6 11 15 25 59   49.70   15.79    111.0 
2021  6 11 15 25 59   49.71   15.84     20.0 
2021  6 11 15 25 59   49.69   15.81     12.0 
2021  6 11 15 26  9   49.21   15.12    -12.0 
2021  6 11 15 26 10   49.21   15.12    -29.0 
2021  6 11 15 26 57   49.29   15.04     19.0 
2021  6 11 15 26 57   49.32   15.02     69.0 
2021  6 11 15 27 35   48.97   13.68     -9.0 
2021  6 11 15 27 35   48.98   13.69    -44.0 
2021  6 11 15 29 10   46.81   15.78    -51.0 
2021  6 11 15 29 21   49.30   15.04     27.0 
2021  6 11 15 29 21   49.27   15.02     -3.0 
2021  6 11 15 29 21   49.29   15.02      3.0 
2021  6 11 15 29 36   49.28   15.04     12.0 
2021  6 11 15 30 51   49.29   13.38    -11.0 
2021  6 11 15 30 51   49.28   13.38     -2.0 
2021  6 11 15 32 39   49.19   15.10    -34.0 
2021  6 11 15 32 47   46.79   15.78     69.0 
2021  6 11 15 33  6   49.28   15.03      1.0 
2021  6 11 15 33 33   46.78   15.81     74.0 
2021  6 11 15 34 26   49.11   15.21    -37.0 
2021  6 11 15 35  7   49.28   13.39    -11.0 
2021  6 11 15 35 36   49.28   13.39     -2.0 
2021  6 11 15 42 39   49.13   15.13    -24.0 
2021  6 11 15 46 49   49.59   14.26     43.0 
2021  6 11 15 48 44   49.62   14.17    -27.0 
2021  6 11 15 48 44   49.63   14.19    -24.0 
2021  6 11 15 57  6   46.25   13.47     16.0 
2021  6 11 15 57 24   46.25   13.49     34.0 
2021  6 11 15 57 46   49.12   13.41     -7.0 
2021  6 11 15 57 46   49.12   13.42    -18.0 
2021  6 11 15 57 46   49.12   13.44      4.0 
2021  6 11 15 57 46   49.12   13.41    -13.0 
2021  6 11 15 58  8   46.28   13.51     -7.0 
2021  6 11 15 59 15   46.26   13.48    -16.0 
2021  6 11 16  0 27   49.10   13.71     26.0 
2021  6 11 16  4 34   48.99   13.23     86.0 
2021  6 11 16  4 34   48.98   13.28     30.0 
2021  6 11 16  5 54   46.27   13.51     36.0 
2021  6 11 16  6 43   49.55   14.34     27.0 
2021  6 11 16  7  4   49.56   14.34     26.0 
2021  6 11 16  7 20   46.24   13.48     25.0 
2021  6 11 16  7 48   46.27   13.51    -29.0 
2021  6 11 16  7 48   46.26   13.52     38.0 
2021  6 11 16  7 57   46.27   13.52     -2.0 
2021  6 11 16  8 21   49.02   15.06    -70.0 
2021  6 11 16  8 28   46.26   13.48     -8.0 
2021  6 11 16  8 28   46.24   13.53      2.0 
2021  6 11 16  8 28   46.26   13.49     -3.0 
2021  6 11 16  8 38   46.26   13.52      3.0 
2021  6 11 16  8 48   49.05   13.62     34.0 
2021  6 11 16  8 52   46.27   13.49    -30.0 
2021  6 11 16  8 53   46.26   13.51      2.0 
2021  6 11 16  8 53   46.27   13.50    -47.0 
2021  6 11 16  8 53   46.26   13.49     -7.0 
2021  6 11 16  9 25   46.29   13.50    -25.0 
2021  6 11 16  9 39   46.25   13.49     11.0 
2021  6 11 16  9 56   49.53   14.34     20.0 
2021  6 11 16  9 56   49.54   14.34     19.0 
2021  6 11 16 10 41   46.25   13.47     -5.0 
2021  6 11 16 10 59   46.26   13.53    -19.0 
2021  6 11 16 11 18   49.01   15.07     -8.0 
2021  6 11 16 11 25   46.34   13.53    -28.0 
2021  6 11 16 11 25   46.26   13.51     18.0 
2021  6 11 16 11 47   46.25   13.49     -2.0 
2021  6 11 16 12 11   46.27   13.46     18.0 
2021  6 11 16 12 12   46.25   13.50     -3.0 
2021  6 11 16 12 12   46.26   13.51     -4.0 
2021  6 11 16 12 12   46.22   13.47     11.0 
2021  6 11 16 12 35   46.23   13.49     -2.0 
2021  6 11 16 12 35   46.26   13.51    -28.0 
2021  6 11 16 12 51   46.24   13.49     -7.0 
2021  6 11 16 12 58   49.10   14.91     52.0 
2021  6 11 16 13  7   46.28   13.43     52.0 
2021  6 11 16 13  7   46.22   13.45     12.0 
2021  6 11 16 14 39   46.25   13.47      6.0 
2021  6 11 16 14 48   46.23   13.48     -1.0 
2021  6 11 16 15 22   46.26   13.51    -15.0 
2021  6 11 16 15 42   46.24   13.51     -2.0 
2021  6 11 16 17 15   46.36   13.09     -3.0 
2021  6 11 16 17 47   46.36   13.08     -7.0 
2021  6 11 16 17 51   46.36   13.09      2.0 
2021  6 11 16 17 51   46.37   13.12     -4.0 
2021  6 11 16 17 52   46.23   13.46     59.0 
2021  6 11 16 18  4   46.36   13.12      2.0 
2021  6 11 16 18 34   46.37   13.11      5.0 
2021  6 11 16 18 40   46.37   13.08     12.0 
2021  6 11 16 18 49   46.34   13.08      2.0 
2021  6 11 16 18 56   46.26   13.43    -12.0 
2021  6 11 16 19 40   46.36   13.09     -2.0 
2021  6 11 16 19 46   46.35   13.09     -2.0 
2021  6 11 16 19 59   46.35   13.12     -5.0 
2021  6 11 16 20  2   46.34   13.08     -5.0 
2021  6 11 16 20  8   46.22   13.44     70.0 
2021  6 11 16 20 10   49.46   14.24     37.0 
2021  6 11 16 20 24   46.36   13.13    -16.0 
2021  6 11 16 20 34   46.33   13.09      3.0 
2021  6 11 16 20 44   46.35   13.10      2.0 
2021  6 11 16 21  8   46.35   13.11     -2.0 
2021  6 11 16 21 10   47.91   13.75    -56.0 
2021  6 11 16 22 14   46.34   13.06      6.0 
2021  6 11 16 22 37   49.00   13.38    -13.0 
2021  6 11 16 22 37   49.01   13.41     -5.0 
2021  6 11 16 22 41   46.35   13.08      9.0 
2021  6 11 16 22 51   46.36   13.10     -4.0 
2021  6 11 16 22 58   46.35   13.11     -9.0 
2021  6 11 16 22 58   46.35   13.11     11.0 
2021  6 11 16 23  4   46.34   13.07     15.0 
2021  6 11 16 23 52   46.33   13.06      6.0 
2021  6 11 16 24  5   46.33   13.06      8.0 
2021  6 11 16 24  5   46.35   13.09      3.0 
2021  6 11 16 24  5   46.31   13.10    -12.0 
2021  6 11 16 24  5   46.34   13.09      2.0 
2021  6 11 16 24 15   46.36   13.06     -3.0 
2021  6 11 16 24 20   46.32   13.09     -2.0 
2021  6 11 16 24 38   46.34   13.07     12.0 
2021  6 11 16 24 50   46.10   13.50     30.0 
2021  6 11 16 24 55   48.99   13.46     -6.0 
2021  6 11 16 24 55   48.98   13.46     -4.0 
2021  6 11 16 24 55   48.98   13.44    -12.0 
2021  6 11 16 24 56   48.97   13.46    -16.0 
2021  6 11 16 24 56   48.97   13.45    -12.0 
2021  6 11 16 25 11   46.33   13.09      2.0 
2021  6 11 16 25 59   46.11   13.42    112.0 
2021  6 11 16 25 59   46.11   13.47      9.0 
2021  6 11 16 26 27   46.12   13.46     25.0 
2021  6 11 16 26 27   46.14   13.48    -17.0 
2021  6 11 16 26 27   46.12   13.46     -2.0 
2021  6 11 16 26 43   49.45   14.69    -57.0 
2021  6 11 16 27  7   46.11   13.41      6.0 
2021  6 11 16 27 25   46.14   13.40     -6.0 
2021  6 11 16 27 38   46.35   13.09     -2.0 
2021  6 11 16 28  8   46.12   13.48     -2.0 
2021  6 11 16 28 32   46.34   13.08     -7.0 
2021  6 11 16 29  0   46.30   13.05     10.0 
2021  6 11 16 29  0   46.33   13.10      2.0 
2021  6 11 16 29  0   46.32   13.08     24.0 
2021  6 11 16 29  1   46.32   13.11     -2.0 
2021  6 11 16 29  5   46.34   13.05     -2.0 
2021  6 11 16 29 10   46.32   13.08      8.0 
2021  6 11 16 29 31   46.35   13.10    -24.0 
2021  6 11 16 29 31   46.34   13.09     -9.0 
2021  6 11 16 30  4   46.32   13.06     -2.0 
2021  6 11 16 30  4   46.32   13.06     15.0 
2021  6 11 16 30 10   46.31   13.01     -2.0 
2021  6 11 16 30 16   49.45   14.68      4.0 
2021  6 11 16 30 16   49.45   14.68     83.0 
2021  6 11 16 30 48   46.19   14.62    -28.0 
2021  6 11 16 30 50   46.32   13.00     -2.0 
2021  6 11 16 30 57   46.08   13.40    -23.0 
2021  6 11 16 31 10   46.33   13.00     -2.0 
2021  6 11 16 31 31   46.29   13.02      4.0 
2021  6 11 16 31 36   46.28   13.06     -2.0 
2021  6 11 16 31 45   46.31   13.02     -3.0 
2021  6 11 16 32  6   49.46   14.69     24.0 
2021  6 11 16 32  6   49.45   14.67      3.0 
2021  6 11 16 32  6   49.44   14.69     -8.0 
2021  6 11 16 32 12   46.31   13.01     -2.0 
2021  6 11 16 32 32   46.31   13.03     -2.0 
2021  6 11 16 32 40   46.31   13.09      3.0 
2021  6 11 16 32 54   50.29   15.49     50.0 
2021  6 11 16 33 54   49.45   14.70     -4.0 
2021  6 11 16 33 54   49.45   14.72     -1.0 
2021  6 11 16 33 55   46.33   13.06     -2.0 
2021  6 11 16 34 29   46.29   13.06      2.0 
2021  6 11 16 34 33   48.90   13.46     24.0 
2021  6 11 16 34 55   46.29   13.06     -4.0 
2021  6 11 16 35 11   46.30   13.04     13.0 
2021  6 11 16 35 16   49.46   14.67     -8.0 
2021  6 11 16 35 30   46.33   13.02     -5.0 
2021  6 11 16 35 39   46.29   13.02     -2.0 
2021  6 11 16 35 53   46.30   13.02    -12.0 
2021  6 11 16 36 16   46.30   13.01     -3.0 
2021  6 11 16 36 16   46.28   13.05      2.0 
2021  6 11 16 36 16   46.28   13.02     -4.0 
2021  6 11 16 36 20   46.30   12.99     -4.0 
2021  6 11 16 36 42   46.30   13.01      2.0 
2021  6 11 16 36 42   46.28   13.00     -1.0 
2021  6 11 16 37 10   46.33   13.07     -3.0 
2021  6 11 16 37 12   46.30   12.99      2.0 
2021  6 11 16 37 16   46.30   13.00     -1.0 
2021  6 11 16 37 16   46.27   13.01      2.0 
2021  6 11 16 37 34   46.29   13.05      8.0 
2021  6 11 16 37 55   46.27   13.02     -3.0 
2021  6 11 16 38  4   46.27   13.03     -2.0 
2021  6 11 16 38 11   48.97   12.75     50.0 
2021  6 11 16 38 11   48.97   12.76     -2.0 
2021  6 11 16 38 16   46.28   13.02    -10.0 
2021  6 11 16 38 24   46.27   13.01     -2.0 
2021  6 11 16 38 25   46.28   12.97     -6.0 
2021  6 11 16 38 25   46.28   13.00    -19.0 
2021  6 11 16 38 47   46.28   12.98    -11.0 
2021  6 11 16 38 57   46.30   13.04     -6.0 
2021  6 11 16 38 57   46.33   13.04      9.0 
2021  6 11 16 39 20   46.27   13.03      2.0 
2021  6 11 16 39 23   46.28   13.01      2.0 
2021  6 11 16 39 47   46.27   13.00      5.0 
2021  6 11 16 39 53   46.28   13.02     -1.0 
2021  6 11 16 39 57   46.27   12.96      2.0 
2021  6 11 16 40  0   46.29   13.00     -2.0 
2021  6 11 16 40  3   46.28   13.00    -17.0 
2021  6 11 16 40  9   46.30   13.00     -3.0 
2021  6 11 16 40 24   50.23   15.52    -15.0 
2021  6 11 16 40 28   48.96   12.74     15.0 
2021  6 11 16 40 36   46.30   12.98      3.0 
2021  6 11 16 40 40   46.28   12.93      2.0 
2021  6 11 16 40 43   46.25   13.02     -2.0 
2021  6 11 16 40 56   46.29   13.00     -3.0 
2021  6 11 16 41  3   46.27   12.99      3.0 
2021  6 11 16 41  9   46.27   13.01      2.0 
2021  6 11 16 41 38   46.30   13.09      2.0 
2021  6 11 16 41 48   49.36   14.77     85.0 
2021  6 11 16 41 59   46.28   12.98     -8.0 
2021  6 11 16 42  8   46.28   13.00      3.0 
2021  6 11 16 42 12   46.31   13.00     -5.0 
2021  6 11 16 42 26   46.29   13.00     -8.0 
2021  6 11 16 42 31   46.28   12.98     -2.0 
2021  6 11 16 42 39   46.27   12.97      9.0 
2021  6 11 16 42 47   46.30   12.99     16.0 
2021  6 11 16 42 47   46.30   13.00     71.0 
2021  6 11 16 42 56   49.36   14.75      3.0 
2021  6 11 16 42 58   46.28   13.01     -3.0 
2021  6 11 16 43 10   46.25   13.01     19.0 
2021  6 11 16 43 10   46.26   12.99      1.0 
2021  6 11 16 43 19   48.94   12.73     18.0 
2021  6 11 16 43 19   48.95   12.76    -24.0 
2021  6 11 16 43 33   48.91   14.86     52.0 
2021  6 11 16 43 38   46.29   13.01    -11.0 
2021  6 11 16 43 38   46.28   12.96    -13.0 
2021  6 11 16 43 38   46.29   12.98     -1.0 
2021  6 11 16 43 42   46.29   12.99     -2.0 
2021  6 11 16 44  3   46.27   12.99    -21.0 
2021  6 11 16 44  3   46.25   12.99    -17.0 
2021  6 11 16 44 20   46.23   13.03     -3.0 
2021  6 11 16 44 40   46.23   12.94     18.0 
2021  6 11 16 44 45   46.27   12.96      2.0 
2021  6 11 16 44 51   46.31   13.07    -12.0 
2021  6 11 16 45  3   46.29   13.00      2.0 
2021  6 11 16 45 13   46.25   12.99     14.0 
2021  6 11 16 45 13   46.24   12.98     20.0 
2021  6 11 16 45 13   46.25   12.97     -6.0 
2021  6 11 16 45 23   46.31   13.04    -17.0 
2021  6 11 16 45 31   46.26   13.00      5.0 
2021  6 11 16 45 31   46.27   13.00      3.0 
2021  6 11 16 45 39   46.27   12.99    -39.0 
2021  6 11 16 45 46   50.20   15.52     17.0 
2021  6 11 16 46 12   46.35   13.00     18.0 
2021  6 11 16 46 12   46.27   13.05    -19.0 
2021  6 11 16 46 22   46.26   12.93     -2.0 
2021  6 11 16 46 33   50.23   15.58    -15.0 
2021  6 11 16 46 33   50.22   15.55      6.0 
2021  6 11 16 46 33   50.21   15.57     -2.0 
2021  6 11 16 46 44   46.27   12.97     16.0 
2021  6 11 16 46 46   46.26   13.00     16.0 
2021  6 11 16 46 46   46.25   13.00     15.0 
2021  6 11 16 46 46   46.25   13.01      1.0 
2021  6 11 16 46 54   46.26   12.99      4.0 
2021  6 11 16 46 59   46.25   12.91    -14.0 
2021  6 11 16 47  9   46.27   13.00    -48.0 
2021  6 11 16 47 33   46.28   13.00      3.0 
2021  6 11 16 47 56   46.17   14.62    -25.0 
2021  6 11 16 48  3   46.25   13.07     -2.0 
2021  6 11 16 48 20   46.26   12.98     -4.0 
2021  6 11 16 48 21   46.29   12.92    -15.0 
2021  6 11 16 48 21   46.25   12.99     -2.0 
2021  6 11 16 48 51   46.26   12.97      2.0 
2021  6 11 16 48 58   46.25   13.01     -3.0 
2021  6 11 16 49  9   46.24   12.95      2.0 
2021  6 11 16 49 17   46.26   12.91     -1.0 
2021  6 11 16 49 22   46.23   12.95      2.0 
2021  6 11 16 49 23   50.18   15.50    -30.0 
2021  6 11 16 49 56   46.24   12.91     -1.0 
2021  6 11 16 50  2   46.26   13.00     -4.0 
2021  6 11 16 50 17   46.24   12.91      2.0 
2021  6 11 16 50 22   46.23   12.95     -3.0 
2021  6 11 16 50 42   46.20   12.93      6.0 
2021  6 11 16 50 42   46.23   12.92     -6.0 
2021  6 11 16 50 42   46.23   12.95      2.0 
2021  6 11 16 50 42   46.21   12.95     -3.0 
2021  6 11 16 50 44   46.24   12.92     -4.0 
2021  6 11 16 50 49   46.28   12.90     -2.0 
2021  6 11 16 50 52   46.28   12.90      1.0 
2021  6 11 16 51 25   46.24   12.95     -4.0 
2021  6 11 16 51 31   46.28   12.94      3.0 
2021  6 11 16 51 31   50.18   15.53      4.0 
2021  6 11 16 51 42   46.29   12.93      3.0 
2021  6 11 16 51 45   46.24   12.92      1.0 
2021  6 11 16 51 52   46.25   13.01      2.0 
2021  6 11 16 52 12   46.26   12.96     -8.0 
2021  6 11 16 52 12   46.29   12.93      2.0 
2021  6 11 16 52 18   46.27   12.94     -2.0 
2021  6 11 16 52 34   46.25   13.00      3.0 
2021  6 11 16 52 43   48.86   14.86     53.0 
2021  6 11 16 52 43   48.88   14.87      3.0 
2021  6 11 16 53  2   46.24   12.93    -11.0 
2021  6 11 16 53  2   46.26   12.92     -4.0 
2021  6 11 16 53 21   46.28   12.92     -3.0 
2021  6 11 16 53 54   46.22   12.92      2.0 
2021  6 11 16 53 54   46.22   12.96      2.0 
2021  6 11 16 53 56   46.28   12.88    -13.0 
2021  6 11 16 55  5   46.25   12.92    -10.0 
2021  6 11 16 55 20   46.27   12.92     -3.0 
2021  6 11 16 55 23   50.16   15.51     17.0 
2021  6 11 16 55 40   46.22   12.95      4.0 
2021  6 11 16 56 16   46.25   12.92     81.0 
2021  6 11 16 56 26   48.75   13.41    -36.0 
2021  6 11 17  0  9   46.24   12.96    -15.0 
2021  6 11 17  7 50   46.13   14.49     41.0 
2021  6 11 17  9 15   49.70   14.56    -10.0 
2021  6 11 17  9 15   49.71   14.57     31.0 
2021  6 11 17 12  0   48.77   13.51    -61.0 
2021  6 11 17 13 20   49.29   14.68     -8.0 
2021  6 11 17 13 31   49.29   14.68     -2.0 
2021  6 11 17 14  2   49.30   14.71     -3.0 
2021  6 11 17 20 44   49.29   14.71    -20.0 
2021  6 11 17 20 44   49.28   14.71    -22.0 
2021  6 11 17 20 44   49.28   14.70    -12.0 
2021  6 11 17 20 44   49.24   14.72     10.0 
2021  6 11 17 21 47   49.28   14.71     -3.0 
2021  6 11 17 22  0   46.12   14.54     13.0 
2021  6 11 17 22  0   46.11   14.53    -11.0 
2021  6 11 17 23 31   49.26   14.70    -17.0 
2021  6 11 17 23 31   49.27   14.71     -2.0 
2021  6 11 17 26 46   49.24   14.72     38.0 
2021  6 11 17 26 47   49.26   14.75      8.0 
2021  6 11 18 10 42   48.51   13.19    -34.0 
2021  6 11 18 15 11   48.50   13.19     30.0 
2021  6 11 18 15 11   48.49   13.22    -19.0 
2021  6 11 18 16 51   48.48   13.15     22.0 
2021  6 11 18 18 13   48.49   13.17      7.0 
2021  6 11 18 18 13   48.48   13.19      6.0 
2021  6 11 18 20 53   48.13   13.04     85.0 
2021  6 11 18 26 21   48.04   13.00     40.0 
2021  6 11 18 28 49   48.11   13.00    -14.0 
2021  6 11 18 41 51   48.04   13.04     25.0 
2021  6 11 18 41 51   48.04   13.05    -20.0 
2021  6 11 18 53 28   47.99   13.14    -22.0 
2021  6 11 19  3 31   47.96   13.30    -98.0 
2021  6 11 19 18 33   47.83   13.08    -37.0 
2021  6 11 19 19 33   47.80   13.06     -4.0 
2021  6 11 19 19 49   47.78   13.02    -23.0 
2021  6 11 19 20 40   47.76   13.04      5.0 
2021  6 11 19 20 40   47.76   12.99    -18.0 
2021  6 11 19 21 33   48.04   13.20   -156.0 
2021  6 11 19 21 50   47.77   13.07    -15.0 
2021  6 11 19 22  7   47.76   13.06    -12.0 
2021  6 11 19 22 58   47.78   13.08    -11.0 
2021  6 11 19 23 23   47.78   13.07     -3.0 
2021  6 11 19 23 48   47.80   13.08     -3.0 
2021  6 11 19 24 48   47.77   13.06     -2.0 
2021  6 11 19 25 57   47.77   13.07    -21.0 
2021  6 11 19 26 57   47.76   13.08     -4.0 
2021  6 11 19 27 11   47.79   13.12     -1.0 
2021  6 11 19 32 36   47.74   13.03    -14.0 
2021  6 11 19 33 30   47.75   13.09    -12.0 
2021  6 11 19 34 33   47.78   13.04    111.0 
2021  6 11 19 34 33   47.78   13.08    -11.0 
2021  6 11 19 35 37   47.85   13.13     43.0 
2021  6 11 19 35 37   47.75   13.13    -13.0 
2021  6 11 19 35 37   47.73   13.10     -8.0 
2021  6 11 19 38 28   47.73   13.06    -15.0 
2021  6 11 19 46 14   47.85   13.66     96.0 
2021  6 11 19 46 14   47.84   13.65     -3.0 
2021  6 11 19 47 25   48.00   13.08    111.0 
2021  6 11 19 47 25   47.90   13.05    -41.0 
2021  6 11 19 47 25   47.90   13.04     -3.0 
2021  6 11 19 47 25   47.91   13.07     -3.0 
2021  6 11 19 47 25   47.97   13.10     -2.0 
2021  6 11 19 48 56   47.92   13.00     34.0 
2021  6 11 19 54 21   47.77   13.60     34.0 
2021  6 11 19 54 22   47.76   13.62    -13.0 
2021  6 11 19 54 35   47.61   13.09    -25.0 
2021  6 11 19 56 10   47.78   13.66    -24.0 
2021  6 11 19 58 19   47.61   13.09     -2.0 
2021  6 11 20  0 47   47.57   13.16    -24.0 
2021  6 11 20  4 12   47.59   13.18    -17.0 
2021  6 11 20  4 42   47.75   13.70    -17.0 
2021  6 11 21 14 16   47.36   13.67     36.0 
