2021  6 16 13 38 47   46.24   11.73    -26.0 
2021  6 16 13 41  9   46.25   11.76     -8.0 
2021  6 16 13 43 29   46.24   11.76    -11.0 
2021  6 16 13 45  7   46.24   11.77    -17.0 
2021  6 16 14  2 30   46.18   10.91   -168.0 
2021  6 16 14  2 30   46.17   10.89      7.0 
2021  6 16 14  2 30   46.20   10.93    -15.0 
2021  6 16 15 11  0   46.33   11.63     13.0 
2021  6 16 15 54  8   46.82   12.26    -33.0 
2021  6 16 16 10 51   46.74   12.08    -22.0 
2021  6 16 16 41 41   46.57   13.67     15.0 
2021  6 16 16 44  0   46.57   13.70    -14.0 
2021  6 16 17 16 11   46.19    4.01    -18.0 
2021  6 16 17 34  2   46.71   11.81    -16.0 
2021  6 16 17 35 31   46.71   11.77    -34.0 
2021  6 16 17 35 31   46.70   11.76    -15.0 
2021  6 16 17 35 31   46.70   11.76    -30.0 
2021  6 16 17 36 46   46.71   11.76     24.0 
2021  6 16 17 37 17   46.72   11.76    -16.0 
2021  6 16 17 37 17   46.71   11.75    -19.0 
2021  6 16 17 38 19   46.72   11.77    -10.0 
2021  6 16 17 38 19   46.70   11.78    -12.0 
2021  6 16 17 38 56   46.54   12.08    -15.0 
2021  6 16 17 39 11   46.71   11.79    -12.0 
2021  6 16 17 39 11   46.72   11.76    -23.0 
2021  6 16 17 39 51   46.72   11.73    -17.0 
2021  6 16 17 39 51   46.71   11.71    -23.0 
2021  6 16 17 40 12   46.27    4.08    -16.0 
2021  6 16 17 41 33   46.72   11.73    -20.0 
2021  6 16 17 41 33   46.71   11.77     -5.0 
2021  6 16 17 41 33   46.73   11.79     -8.0 
2021  6 16 17 43 46   46.50   12.09    -23.0 
2021  6 16 17 43 46   46.50   12.11     -4.0 
2021  6 16 17 43 46   46.49   12.07      5.0 
2021  6 16 17 58 26   46.70   11.76    -22.0 
2021  6 16 18 12 18   46.69   11.76    -14.0 
2021  6 16 20 34 21   46.34    8.20    -50.0 
2021  6 16 20 47 30   46.23   10.27     36.0 
2021  6 16 20 47 30   46.22   10.33    -15.0 
2021  6 16 20 50 23   46.22   10.27   -279.0 
2021  6 16 20 50 23   46.21   10.27    -29.0 
2021  6 16 20 50 23   46.20   10.24     -6.0 
2021  6 16 20 53 33   46.21   10.23    -26.0 
