2021  6 26 12 20 12   50.30    4.22      8.0 
2021  6 26 12 20 12   50.32    4.24    144.0 
2021  6 26 12 30 25   50.35    4.26     31.0 
2021  6 26 13  6 52   50.44    4.31   -107.0 
2021  6 26 13 54 13   52.13    4.23    234.0 
2021  6 26 14 19 11   51.82    4.36    -49.0 
2021  6 26 14 20  1   50.81    5.09     58.0 
2021  6 26 14 21 24   51.13    4.67    -67.0 
2021  6 26 14 21 25   51.12    4.64      8.0 
2021  6 26 14 26 35   51.80    4.39    160.0 
2021  6 26 14 26 53   51.14    4.66    -72.0 
2021  6 26 14 28 17   51.16    4.69    -78.0 
2021  6 26 14 36 42   51.60    4.51     15.0 
2021  6 26 14 40 15   51.61    4.52     59.0 
2021  6 26 14 40 47   51.60    4.49     56.0 
2021  6 26 14 42  8   53.10    7.88     97.0 
2021  6 26 14 42 41   51.63    4.48    -10.0 
2021  6 26 14 43  8   51.62    4.49     -6.0 
2021  6 26 14 46 43   53.10    7.86    -71.0 
2021  6 26 14 46 43   53.12    7.88     -5.0 
2021  6 26 14 46 43   53.14    7.84    -15.0 
2021  6 26 14 47  3   53.19    6.22    115.0 
2021  6 26 14 49  8   51.61    4.51     72.0 
2021  6 26 14 49 33   51.62    4.53     -3.0 
2021  6 26 14 49 44   53.10    7.87    182.0 
2021  6 26 14 49 59   51.62    4.53     80.0 
2021  6 26 14 50 33   51.64    4.53    -23.0 
2021  6 26 14 55 39   53.14    7.80     83.0 
2021  6 26 14 55 39   53.12    7.83    191.0 
2021  6 26 14 57 13   51.62    4.52    -11.0 
2021  6 26 14 57 20   51.60    4.52    -31.0 
2021  6 26 14 57 29   51.60    4.51     12.0 
2021  6 26 14 57 54   51.61    4.54     12.0 
2021  6 26 14 57 54   51.61    4.55    -19.0 
2021  6 26 15  0 15   51.62    4.51     27.0 
2021  6 26 15  0 15   51.62    4.51    -11.0 
2021  6 26 15  0 53   51.61    4.52    -18.0 
2021  6 26 15  0 53   51.61    4.50    -20.0 
2021  6 26 15  7 12   51.65    4.43    -21.0 
2021  6 26 15  7 18   51.66    4.42     -5.0 
2021  6 26 15  7 35   51.66    4.43    -12.0 
2021  6 26 15  7 50   52.19    4.58    -98.0 
2021  6 26 15  8  4   51.65    4.42     54.0 
2021  6 26 15  9  5   51.66    4.46    -18.0 
2021  6 26 15  9  5   51.66    4.44    -21.0 
2021  6 26 15 11 40   53.10    6.27    -23.0 
2021  6 26 15 11 47   53.11    6.28     16.0 
2021  6 26 15 12  3   53.17    6.29    -44.0 
2021  6 26 15 12  3   53.07    6.16     54.0 
2021  6 26 15 12  6   53.11    6.30    -16.0 
2021  6 26 15 12 51   53.19    6.30    -22.0 
2021  6 26 15 13  6   53.11    6.28    -11.0 
2021  6 26 15 13 17   51.50    4.57     95.0 
2021  6 26 15 13 44   53.10    6.27     -8.0 
2021  6 26 15 13 46   53.19    6.26    -14.0 
2021  6 26 15 15 26   51.62    4.47    -11.0 
2021  6 26 15 15 34   51.62    4.47    -22.0 
2021  6 26 15 15 48   53.18    6.28    -18.0 
2021  6 26 15 15 48   53.12    6.19     37.0 
2021  6 26 15 15 58   51.61    4.43     56.0 
2021  6 26 15 16 13   53.08    6.23    -17.0 
2021  6 26 15 16 15   51.62    4.42     -5.0 
2021  6 26 15 16 38   53.24    8.52     34.0 
2021  6 26 15 17  9   51.63    4.48    -12.0 
2021  6 26 15 17 19   52.19    4.52    184.0 
2021  6 26 15 17 19   52.20    4.53     23.0 
2021  6 26 15 17 36   53.11    6.25     -5.0 
2021  6 26 15 17 51   51.64    4.48    -19.0 
2021  6 26 15 18 54   53.11    6.25     -8.0 
2021  6 26 15 19 33   52.19    4.55    -13.0 
2021  6 26 15 20 36   51.61    4.49     45.0 
2021  6 26 15 20 36   51.58    4.49    -30.0 
2021  6 26 15 20 46   53.24    8.53     10.0 
2021  6 26 15 21 12   51.61    4.51    -26.0 
2021  6 26 15 21 57   51.61    4.41    -24.0 
2021  6 26 15 21 57   51.63    4.48     11.0 
2021  6 26 15 22  1   53.24    8.52    -36.0 
2021  6 26 15 24 18   51.60    4.51    149.0 
2021  6 26 15 24 18   51.63    4.54     -9.0 
2021  6 26 15 24 29   51.57    4.54     -7.0 
2021  6 26 15 25 30   51.64    4.52      2.0 
2021  6 26 15 25 37   51.60    4.53    110.0 
2021  6 26 15 25 37   51.60    4.50    -10.0 
2021  6 26 15 26 11   47.36   10.22    130.0 
2021  6 26 15 26 53   51.58    4.53    147.0 
2021  6 26 15 27 30   51.63    4.53     71.0 
2021  6 26 15 27 30   53.26    7.39    152.0 
2021  6 26 15 27 36   47.52   11.57    -19.0 
2021  6 26 15 27 36   47.48   11.55     35.0 
2021  6 26 15 27 36   47.48   11.55    -13.0 
2021  6 26 15 27 40   51.55    4.51    -48.0 
2021  6 26 15 28  7   51.54    4.57    -12.0 
2021  6 26 15 28 33   53.26    7.39     77.0 
2021  6 26 15 29  2   51.63    4.54     69.0 
2021  6 26 15 29  2   51.61    4.53      9.0 
2021  6 26 15 29 12   47.47   11.57    -17.0 
2021  6 26 15 29 28   53.18    6.34    -20.0 
2021  6 26 15 29 29   53.17    6.33    -31.0 
2021  6 26 15 29 54   51.60    4.45     73.0 
2021  6 26 15 29 54   51.56    4.55     19.0 
2021  6 26 15 30 51   53.26    7.40     40.0 
2021  6 26 15 31  5   51.57    4.47    108.0 
2021  6 26 15 31  6   51.65    4.50     -4.0 
2021  6 26 15 32 31   53.16    6.29     16.0 
2021  6 26 15 32 31   53.21    6.34     97.0 
2021  6 26 15 32 31   53.21    6.34     25.0 
2021  6 26 15 32 54   47.27   10.46    -42.0 
2021  6 26 15 33 23   51.64    4.54     79.0 
2021  6 26 15 33 34   53.19    6.35    -17.0 
2021  6 26 15 33 34   53.18    6.33    -16.0 
2021  6 26 15 34  2   53.20    6.35     22.0 
2021  6 26 15 34 41   47.24   10.55     41.0 
2021  6 26 15 34 52   51.63    4.49    -14.0 
2021  6 26 15 37  1   53.25    8.54     79.0 
2021  6 26 15 37  1   53.26    8.56     23.0 
2021  6 26 15 37 32   53.26    8.55     -8.0 
2021  6 26 15 40 37   52.16    4.55     -5.0 
2021  6 26 15 40 37   52.15    4.53     46.0 
2021  6 26 15 42 52   52.16    4.53    -11.0 
2021  6 26 15 44 48   46.91   11.07    -18.0 
2021  6 26 15 44 48   46.90   11.05    -46.0 
2021  6 26 15 46  1   46.90   11.07    -14.0 
2021  6 26 15 46 28   51.47    4.62     87.0 
2021  6 26 15 46 36   51.48    4.63    -11.0 
2021  6 26 15 46 47   51.61    4.50     97.0 
2021  6 26 15 48  2   53.15    6.29     40.0 
2021  6 26 15 48 32   47.55   11.57    -20.0 
2021  6 26 15 48 32   47.55   11.57    -19.0 
2021  6 26 15 49  4   51.47    4.61     -7.0 
2021  6 26 15 50 12   47.39   10.25     65.0 
2021  6 26 15 51 53   51.47    4.59    -12.0 
2021  6 26 15 52 10   53.24    7.35     49.0 
2021  6 26 15 52 25   53.18    6.35     77.0 
2021  6 26 15 52 32   46.87   11.05    -85.0 
2021  6 26 15 53 20   51.42    4.60     -8.0 
2021  6 26 15 53 20   51.43    4.57     87.0 
2021  6 26 15 53 28   52.22    4.48    -45.0 
2021  6 26 15 54 13   51.44    4.54     65.0 
2021  6 26 15 54 13   51.48    4.59    -16.0 
2021  6 26 15 54 15   52.94    6.31     90.0 
2021  6 26 15 54 40   51.47    4.58    -13.0 
2021  6 26 15 54 51   53.18    6.31    132.0 
2021  6 26 15 55 11   53.04    6.32     27.0 
2021  6 26 15 55 11   53.04    6.35     46.0 
2021  6 26 15 58 20   47.25   10.71    -33.0 
2021  6 26 15 59 27   47.15   10.55   -170.0 
2021  6 26 15 59 29   51.47    4.61    -14.0 
2021  6 26 15 59 57   47.50   11.59    -45.0 
2021  6 26 16  2 51   47.22   10.71    -40.0 
2021  6 26 16  2 51   47.23   10.74    -31.0 
2021  6 26 16  2 51   47.24   10.74    -36.0 
2021  6 26 16  4 12   46.92   11.16     80.0 
2021  6 26 16  6 29   52.42    4.44    -40.0 
2021  6 26 16  6 33   47.19   10.21     63.0 
2021  6 26 16 11 28   47.30   10.74    -28.0 
2021  6 26 16 13 49   52.42    4.58    -95.0 
2021  6 26 16 18 43   47.30   11.09    -40.0 
2021  6 26 16 18 43   47.31   11.09    -11.0 
2021  6 26 16 18 43   47.32   11.08    -18.0 
2021  6 26 16 18 44   47.30   11.09    -14.0 
2021  6 26 16 18 44   47.29   11.04    -11.0 
2021  6 26 16 18 44   47.33   11.09    -21.0 
2021  6 26 16 19 35   47.45   10.27    -41.0 
2021  6 26 16 19 47   52.39    4.31     97.0 
2021  6 26 16 20 57   52.13    4.54   -102.0 
2021  6 26 16 20 57   52.14    4.56      4.0 
2021  6 26 16 21  0   47.30   11.10    -21.0 
2021  6 26 16 21  0   47.31   11.05    -35.0 
2021  6 26 16 21  1   47.30   11.09    -10.0 
2021  6 26 16 24 14   47.28   11.13    -90.0 
2021  6 26 16 24 14   47.26   11.09     -7.0 
2021  6 26 16 24 14   47.31   11.09     31.0 
2021  6 26 16 24 14   47.29   11.14    -39.0 
2021  6 26 16 24 14   47.29   11.13    -18.0 
2021  6 26 16 24 14   47.31   11.14    -15.0 
2021  6 26 16 24 14   47.30   11.14    -29.0 
2021  6 26 16 24 14   47.32   11.16    -14.0 
2021  6 26 16 24 14   47.28   11.14    -24.0 
2021  6 26 16 25 18   47.31   11.15      5.0 
2021  6 26 16 26 23   52.14    4.54    -11.0 
2021  6 26 16 26 37   46.96   11.35    285.0 
2021  6 26 16 29 45   46.94   11.40     73.0 
2021  6 26 16 30 20   47.30   11.13    -23.0 
2021  6 26 16 30 23   46.82   11.06     64.0 
2021  6 26 16 31 56   47.19   11.27     37.0 
2021  6 26 16 31 56   47.17   11.32    -32.0 
2021  6 26 16 31 56   47.15   11.25    -42.0 
2021  6 26 16 32 42   46.78   11.05     47.0 
2021  6 26 16 33 37   46.80   11.08    -25.0 
2021  6 26 16 33 37   46.74   11.08    121.0 
2021  6 26 16 34 21   47.09   11.19   -142.0 
2021  6 26 16 36 29   47.13   10.81    111.0 
2021  6 26 16 36 52   46.73   11.07     79.0 
2021  6 26 16 37 26   47.17   10.71   -125.0 
2021  6 26 16 37 26   47.15   10.69    -34.0 
2021  6 26 16 38 50   47.14   10.74     25.0 
2021  6 26 16 40 10   47.05   11.38     79.0 
2021  6 26 16 40 11   52.76    5.63    -75.0 
2021  6 26 16 40 32   52.15    4.51     -9.0 
2021  6 26 16 40 35   47.16   10.73    -26.0 
2021  6 26 16 41 58   47.13   11.39    112.0 
2021  6 26 16 42  6   47.28   10.80    -19.0 
2021  6 26 16 42  6   47.26   10.78    -25.0 
2021  6 26 16 43 21   47.42   11.59     36.0 
2021  6 26 16 43 43   52.76    5.64     13.0 
2021  6 26 16 43 57   47.17   10.75     36.0 
2021  6 26 16 45 52   51.03   15.73    -52.0 
2021  6 26 16 47  9   47.44   11.12    -54.0 
2021  6 26 16 47  9   47.46   11.13    -12.0 
2021  6 26 16 47 51   47.24   10.86     31.0 
2021  6 26 16 47 51   47.24   10.89     31.0 
2021  6 26 16 47 52   47.22   10.77    -45.0 
2021  6 26 16 47 52   47.16   10.75    -52.0 
2021  6 26 16 47 52   47.22   10.77    -36.0 
2021  6 26 16 47 52   47.21   10.76    -28.0 
2021  6 26 16 47 52   47.20   10.74    -22.0 
2021  6 26 16 47 52   47.25   10.74     13.0 
2021  6 26 16 47 52   47.22   10.77    -19.0 
2021  6 26 16 48 42   53.04    6.52     44.0 
2021  6 26 16 48 53   47.18   10.79    -52.0 
2021  6 26 16 50  8   47.17   11.33    200.0 
2021  6 26 16 50 18   47.27   10.87     13.0 
2021  6 26 16 50 38   47.25   10.87    -12.0 
2021  6 26 16 50 39   47.21   10.84    -28.0 
2021  6 26 16 50 39   47.17   10.90    -28.0 
2021  6 26 16 50 39   47.22   10.85     -2.0 
2021  6 26 16 51 46   47.17   10.89    -63.0 
2021  6 26 16 52 34   52.79    5.62     58.0 
2021  6 26 16 52 53   47.16   10.84     12.0 
2021  6 26 16 53 34   52.80    5.63     39.0 
2021  6 26 16 53 41   47.50   11.69     49.0 
2021  6 26 16 54 47   47.22   10.88    -10.0 
2021  6 26 16 54 48   47.22   10.90    -11.0 
2021  6 26 16 55 25   52.81    5.63    -11.0 
2021  6 26 16 57 11   47.37   11.13    -27.0 
2021  6 26 16 57 58   47.19   11.66     44.0 
2021  6 26 16 57 58   47.21   11.65     37.0 
2021  6 26 16 57 58   47.21   11.62    -42.0 
2021  6 26 16 57 58   47.20   11.71    -26.0 
2021  6 26 16 57 58   47.22   11.67    -27.0 
2021  6 26 16 57 58   47.20   11.66    -12.0 
2021  6 26 16 59 20   47.21   10.93    -65.0 
2021  6 26 16 59 51   47.21   10.92     33.0 
2021  6 26 17  0 19   47.32   11.23     35.0 
2021  6 26 17  1 29   47.33   11.29     83.0 
2021  6 26 17  1 30   47.36   11.28    -32.0 
2021  6 26 17  2  4   47.32   11.28     55.0 
2021  6 26 17  2  8   53.01    6.46    -56.0 
2021  6 26 17  2 29   47.33   11.26     12.0 
2021  6 26 17  2 51   47.21   10.93    -69.0 
2021  6 26 17  2 51   47.22   10.94    -28.0 
2021  6 26 17  2 51   47.22   10.96    -19.0 
2021  6 26 17  3  1   47.32   11.25     15.0 
2021  6 26 17  3 10   47.32   11.29     52.0 
2021  6 26 17  3 10   47.32   11.21     10.0 
2021  6 26 17  3 10   47.31   11.21      3.0 
2021  6 26 17  3 45   47.24   10.96     46.0 
2021  6 26 17  4 12   47.32   11.28    -17.0 
2021  6 26 17  4 24   47.25   10.98    -22.0 
2021  6 26 17  4 40   47.33   11.26     -8.0 
2021  6 26 17  4 40   47.31   11.25    -14.0 
2021  6 26 17  4 50   47.27   10.97   -117.0 
2021  6 26 17  5 13   47.35   11.30     -4.0 
2021  6 26 17  5 20   52.15    4.60    -10.0 
2021  6 26 17  5 45   47.33   11.26     13.0 
2021  6 26 17  6  1   47.34   11.23     50.0 
2021  6 26 17  6 13   47.33   11.29     -3.0 
2021  6 26 17  6 44   47.25   10.98     17.0 
2021  6 26 17  6 46   47.35   11.28     -8.0 
2021  6 26 17  7 43   47.31   11.26     61.0 
2021  6 26 17  8 30   47.27   11.37     29.0 
2021  6 26 17  8 37   47.30   11.30      7.0 
2021  6 26 17  8 59   47.50   10.25     39.0 
2021  6 26 17  9 33   47.32   11.29     18.0 
2021  6 26 17 10 25   47.31   11.27     -8.0 
2021  6 26 17 10 55   47.31   11.34     46.0 
2021  6 26 17 11 25   47.27   11.27    103.0 
2021  6 26 17 11 35   47.26   11.00    -14.0 
2021  6 26 17 11 35   47.25   11.00    -32.0 
2021  6 26 17 11 35   47.25   11.01    -34.0 
2021  6 26 17 11 35   47.26   10.99    -14.0 
2021  6 26 17 12 17   47.29   11.29    -13.0 
2021  6 26 17 12 40   47.34   11.34     68.0 
2021  6 26 17 12 41   47.36   11.36     10.0 
2021  6 26 17 12 58   47.34   11.30    -11.0 
2021  6 26 17 13 55   47.37   11.39     39.0 
2021  6 26 17 14 11   47.25   11.62    -59.0 
2021  6 26 17 14 12   47.26   11.63     -3.0 
2021  6 26 17 15 22   47.30   11.38     39.0 
2021  6 26 17 16 14   47.24   11.62    -59.0 
2021  6 26 17 16 50   47.22   11.35     83.0 
2021  6 26 17 17 19   47.37   11.36     -4.0 
2021  6 26 17 17 35   46.80   11.29     64.0 
2021  6 26 17 17 55   47.35   11.37    -11.0 
2021  6 26 17 19 43   47.31   11.31     52.0 
2021  6 26 17 19 59   47.32   11.34     37.0 
2021  6 26 17 20 12   47.34   11.32     -2.0 
2021  6 26 17 20 48   47.10   11.69   -199.0 
2021  6 26 17 20 55   47.33   11.38     14.0 
2021  6 26 17 21 21   47.38   11.22     75.0 
2021  6 26 17 21 29   47.36   11.38     24.0 
2021  6 26 17 21 29   47.32   11.35     26.0 
2021  6 26 17 22 12   47.38   11.35     -3.0 
2021  6 26 17 22 26   47.35   11.32      8.0 
2021  6 26 17 22 54   47.12   11.69   -107.0 
2021  6 26 17 23  4   46.84   11.40     70.0 
2021  6 26 17 24 13   47.32   11.32     18.0 
2021  6 26 17 25 34   47.19   11.72     13.0 
2021  6 26 17 25 41   47.18   11.67     26.0 
2021  6 26 17 26 35   47.33   11.69    -27.0 
2021  6 26 17 26 36   47.33   11.68    -17.0 
2021  6 26 17 26 36   47.33   11.68    -15.0 
2021  6 26 17 26 36   47.34   11.69    -20.0 
2021  6 26 17 27 25   47.34   11.40     42.0 
2021  6 26 17 27 25   47.36   11.38    -10.0 
2021  6 26 17 27 44   47.37   11.21     83.0 
2021  6 26 17 28 59   47.25   11.19     53.0 
2021  6 26 17 29  4   47.37   11.42     19.0 
2021  6 26 17 29  4   47.34   11.45    -19.0 
2021  6 26 17 29 45   47.35   11.42    -51.0 
2021  6 26 17 30  8   47.28   11.17     53.0 
2021  6 26 17 30 24   47.36   11.46    -27.0 
2021  6 26 17 30 24   47.36   11.47    -20.0 
2021  6 26 17 30 24   47.35   11.46    -28.0 
2021  6 26 17 30 24   47.36   11.47    -12.0 
2021  6 26 17 30 24   47.35   11.47    -43.0 
2021  6 26 17 30 42   47.35   11.37      2.0 
2021  6 26 17 30 42   47.33   11.40      7.0 
2021  6 26 17 31 19   47.34   11.49    -21.0 
2021  6 26 17 31 19   47.36   11.47    -20.0 
2021  6 26 17 31 19   47.36   11.48     15.0 
2021  6 26 17 32  3   47.28   11.20     63.0 
2021  6 26 17 32 32   47.43   11.72    -59.0 
2021  6 26 17 32 32   47.44   11.71    -14.0 
2021  6 26 17 32 32   47.43   11.72    -36.0 
2021  6 26 17 32 32   47.44   11.72    -14.0 
2021  6 26 17 32 32   47.40   11.68    -21.0 
2021  6 26 17 32 32   47.44   11.73    -13.0 
2021  6 26 17 32 51   47.22   11.78    -42.0 
2021  6 26 17 32 51   47.35   11.36     21.0 
2021  6 26 17 32 51   47.36   11.44    -13.0 
2021  6 26 17 33 31   47.39   11.47     31.0 
2021  6 26 17 33 32   47.42   11.71     13.0 
2021  6 26 17 33 32   47.47   11.77    -16.0 
2021  6 26 17 34 58   47.35   11.52    -23.0 
2021  6 26 17 36  5   47.30   11.16     25.0 
2021  6 26 17 36 22   47.21   11.77   -143.0 
2021  6 26 17 36 22   47.22   11.79     52.0 
2021  6 26 17 36 26   47.35   11.54     27.0 
2021  6 26 17 37  6   47.35   11.58    -18.0 
2021  6 26 17 37  6   47.36   11.56     -1.0 
2021  6 26 17 37  6   47.33   11.55    -15.0 
2021  6 26 17 37  6   47.31   11.53    -12.0 
2021  6 26 17 37  7   47.32   11.38    -31.0 
2021  6 26 17 37  7   47.31   11.29     30.0 
2021  6 26 17 37  7   47.35   11.38     -9.0 
2021  6 26 17 37 42   47.35   11.52    -11.0 
2021  6 26 17 38 49   47.35   11.56    -13.0 
2021  6 26 17 38 49   47.34   11.57    -43.0 
2021  6 26 17 38 49   47.37   11.37    -39.0 
2021  6 26 17 40 22   47.21   11.72   -400.0 
2021  6 26 17 40 22   47.22   11.76    -64.0 
2021  6 26 17 40 22   47.21   11.77    -39.0 
2021  6 26 17 40 22   47.22   11.77    -17.0 
2021  6 26 17 40 22   47.24   11.68    -17.0 
2021  6 26 17 40 43   47.35   11.60    -15.0 
2021  6 26 17 40 43   47.36   11.64    -12.0 
2021  6 26 17 40 43   47.33   11.62    -26.0 
2021  6 26 17 41 42   47.26   11.81     26.0 
2021  6 26 17 41 42   47.25   11.82     17.0 
2021  6 26 17 41 42   47.28   11.79     12.0 
2021  6 26 17 42 51   47.21   11.79    -12.0 
2021  6 26 17 43 24   47.29   11.58    -51.0 
2021  6 26 17 43 24   47.31   11.57    -19.0 
2021  6 26 17 43 24   47.31   11.58    -13.0 
2021  6 26 17 44  3   47.26   11.80     19.0 
2021  6 26 17 45 22   47.24   11.77   -308.0 
2021  6 26 17 46 21   47.32   11.67   -243.0 
2021  6 26 17 46 21   47.33   11.73    -34.0 
2021  6 26 17 46 21   47.35   11.62    -22.0 
2021  6 26 17 47 45   47.36   11.54    -70.0 
2021  6 26 17 49 55   47.37   11.52     42.0 
2021  6 26 17 50 53   47.21   11.81     33.0 
2021  6 26 17 51 49   47.22   11.81     15.0 
2021  6 26 17 51 50   47.28   12.07    -43.0 
2021  6 26 17 53 31   47.25   12.17     70.0 
2021  6 26 17 53 36   47.35   11.45     40.0 
2021  6 26 17 55  3   47.36   11.49     31.0 
2021  6 26 17 56 49   47.26   12.14     38.0 
2021  6 26 17 56 53   47.32   11.48     34.0 
2021  6 26 17 57 20   46.79   11.26    -25.0 
2021  6 26 17 57 55   47.25   12.13     17.0 
2021  6 26 17 58 12   47.25   11.88     33.0 
2021  6 26 17 59 17   47.26   12.18     44.0 
2021  6 26 18  1 27   47.24   11.57   -158.0 
2021  6 26 18  1 57   47.32   12.24     38.0 
2021  6 26 18  3 17   47.20   11.62    -62.0 
2021  6 26 18  4  4   47.27   12.27     54.0 
2021  6 26 18  4 39   47.25   12.02     63.0 
2021  6 26 18  5  5   47.24   12.03     39.0 
2021  6 26 18  5  5   47.24   12.04     33.0 
2021  6 26 18  5  5   47.27   12.25     56.0 
2021  6 26 18  5  5   47.26   12.25    -21.0 
2021  6 26 18  5 24   47.30   12.43     82.0 
2021  6 26 18  5 24   47.35   12.47     24.0 
2021  6 26 18  5 30   47.25   12.00     25.0 
2021  6 26 18  5 36   47.20   11.62   -138.0 
2021  6 26 18  5 54   47.17   11.93     46.0 
2021  6 26 18  6 20   47.25   12.04     22.0 
2021  6 26 18  6 20   47.24   12.02     28.0 
2021  6 26 18  6 40   47.24   12.17    203.0 
2021  6 26 18  6 47   47.25   12.16    -12.0 
2021  6 26 18  7 20   47.25   12.04     23.0 
2021  6 26 18  7 47   47.26   12.27     58.0 
2021  6 26 18  8 41   47.22   12.09     44.0 
2021  6 26 18  9  5   47.23   11.64   -381.0 
2021  6 26 18  9 36   47.24   12.06     35.0 
2021  6 26 18 10  4   47.22   11.93    -40.0 
2021  6 26 18 10 29   47.22   12.10     24.0 
2021  6 26 18 10 56   47.24   12.20     36.0 
2021  6 26 18 11  9   47.22   11.66   -176.0 
2021  6 26 18 11 19   47.23   12.07     48.0 
2021  6 26 18 12  0   47.22   11.98     35.0 
2021  6 26 18 12  0   47.21   11.95     62.0 
2021  6 26 18 12 22   47.23   12.10     42.0 
2021  6 26 18 12 22   47.24   12.11     18.0 
2021  6 26 18 12 23   47.27   12.03     12.0 
2021  6 26 18 13  3   47.23   11.95     21.0 
2021  6 26 18 13  3   47.20   11.95     65.0 
2021  6 26 18 13 32   47.26   12.12     41.0 
2021  6 26 18 14 11   47.18   11.71   -196.0 
2021  6 26 18 14 38   47.22   12.12     66.0 
2021  6 26 18 15  6   46.79   11.31     50.0 
2021  6 26 18 16 20   47.18   12.05    113.0 
2021  6 26 18 16 55   47.33   12.47    -27.0 
2021  6 26 18 16 55   47.33   12.46    -24.0 
2021  6 26 18 17 36   47.37   12.66     30.0 
2021  6 26 18 17 55   47.15   12.09     51.0 
2021  6 26 18 18 36   47.30   12.59     63.0 
2021  6 26 18 18 41   47.18   12.07    134.0 
2021  6 26 18 18 42   47.25   12.08    -16.0 
2021  6 26 18 18 46   47.36   12.62     21.0 
2021  6 26 18 18 46   47.37   12.64    -12.0 
2021  6 26 18 19 50   47.25   12.22     44.0 
2021  6 26 18 20 58   47.29   12.58     25.0 
2021  6 26 18 23 16   47.30   12.25    -39.0 
2021  6 26 18 23 16   47.31   12.26    -26.0 
2021  6 26 18 23 16   47.30   12.24    -20.0 
2021  6 26 18 24 52   47.33   12.42     58.0 
2021  6 26 18 26  2   47.36   12.37     58.0 
2021  6 26 18 26 37   47.06   12.16    -43.0 
2021  6 26 18 27  4   47.25   12.31     63.0 
2021  6 26 18 27 38   47.22   12.28     22.0 
2021  6 26 18 27 38   47.22   12.29    -16.0 
2021  6 26 18 27 39   47.32   11.96     42.0 
2021  6 26 18 28  7   47.24   12.32    -13.0 
2021  6 26 18 30 12   47.28   12.62    109.0 
2021  6 26 18 30 25   47.18   11.81     69.0 
2021  6 26 18 31 18   47.08   12.10    -44.0 
2021  6 26 18 32 37   47.11   12.09    -32.0 
2021  6 26 18 33 16   47.18   12.29     33.0 
2021  6 26 18 33 43   47.12   12.10    -14.0 
2021  6 26 18 35 17   52.11    7.25    107.0 
2021  6 26 18 36 38   47.47   15.39    -25.0 
2021  6 26 18 37 59   47.23   12.91    -42.0 
2021  6 26 18 37 59   47.25   12.94    -22.0 
2021  6 26 18 37 59   47.20   12.93    -17.0 
2021  6 26 18 38 26   46.77   11.39     23.0 
2021  6 26 18 38 44   47.19   12.30     25.0 
2021  6 26 18 39 15   47.20   12.53     74.0 
2021  6 26 18 41 17   47.25   12.53     40.0 
2021  6 26 18 41 34   47.22   12.41     93.0 
2021  6 26 18 42  3   47.17   12.80     22.0 
2021  6 26 18 42 36   46.83   11.50     57.0 
2021  6 26 18 43 11   46.80   11.52     41.0 
2021  6 26 18 43 16   47.23   12.79   -128.0 
2021  6 26 18 44 18   47.08   12.18    135.0 
2021  6 26 18 44 31   47.22   12.46     12.0 
2021  6 26 18 44 31   47.21   12.39     27.0 
2021  6 26 18 44 48   47.21   12.38     -4.0 
2021  6 26 18 45 26   47.23   12.78     23.0 
2021  6 26 18 46 33   46.77   11.59     61.0 
2021  6 26 18 48 13   46.77   11.18     59.0 
2021  6 26 18 48 25   46.79   11.39     96.0 
2021  6 26 18 49 16   46.79   11.47     60.0 
2021  6 26 18 50 57   46.78   11.46     -6.0 
2021  6 26 18 51  2   46.77   11.43     15.0 
2021  6 26 18 51 50   46.72   11.43     94.0 
2021  6 26 18 52  6   47.29   12.86     20.0 
2021  6 26 18 53 25   47.25   12.69     27.0 
2021  6 26 18 55  6   47.45   15.46    -63.0 
2021  6 26 18 55  6   47.44   15.44    -38.0 
2021  6 26 18 55  6   47.45   15.42    -15.0 
2021  6 26 18 55 40   47.27   12.55    -53.0 
2021  6 26 18 55 40   47.28   12.54    -19.0 
2021  6 26 18 55 40   47.25   12.54    -31.0 
2021  6 26 18 55 40   47.28   12.54    -19.0 
2021  6 26 18 56  2   46.77   11.60    100.0 
2021  6 26 18 57 46   47.26   12.71     31.0 
2021  6 26 18 57 46   47.26   12.67     22.0 
2021  6 26 18 58 46   47.16   12.58     26.0 
2021  6 26 18 58 53   47.26   12.72    -27.0 
2021  6 26 18 59  1   47.14   13.08   -142.0 
2021  6 26 18 59  1   47.17   13.10    -53.0 
2021  6 26 18 59 32   47.27   12.76    -31.0 
2021  6 26 19  0 26   47.01   12.48    -69.0 
2021  6 26 19  0 27   46.99   12.49    -27.0 
2021  6 26 19  0 57   47.25   12.70     31.0 
2021  6 26 19  0 57   47.28   12.75    -12.0 
2021  6 26 19  1 42   47.25   12.74    -55.0 
2021  6 26 19  1 42   47.28   12.75    -60.0 
2021  6 26 19  1 42   47.28   12.76    -26.0 
2021  6 26 19  1 50   47.16   13.04   -493.0 
2021  6 26 19  1 50   47.15   13.09    -61.0 
2021  6 26 19  2 12   47.28   12.75    -14.0 
2021  6 26 19  2 12   47.30   12.70     52.0 
2021  6 26 19  2 22   46.76   11.72    -22.0 
2021  6 26 19  2 33   47.18   12.60   -124.0 
2021  6 26 19  2 42   46.80   11.68     44.0 
2021  6 26 19  2 51   47.29   12.75     26.0 
2021  6 26 19  3 24   47.32   12.73    -33.0 
2021  6 26 19  3 24   47.19   13.12     15.0 
2021  6 26 19  3 38   46.77   11.74    -12.0 
2021  6 26 19  3 49   47.26   12.76    -33.0 
2021  6 26 19  4 22   46.92   12.51    -21.0 
2021  6 26 19  4 22   46.90   12.44      5.0 
2021  6 26 19  4 22   46.94   12.47    -27.0 
2021  6 26 19  4 22   46.93   12.51    -21.0 
2021  6 26 19  4 22   46.94   12.46    -32.0 
2021  6 26 19  4 22   46.95   12.41    -65.0 
2021  6 26 19  4 22   46.91   12.44    -39.0 
2021  6 26 19  4 39   47.28   12.79     17.0 
2021  6 26 19  4 40   47.24   12.70     24.0 
2021  6 26 19  5 16   46.84   11.63     22.0 
2021  6 26 19  5 17   47.18   12.60     22.0 
2021  6 26 19  5 31   47.30   12.78     28.0 
2021  6 26 19  5 39   47.42   13.06   -180.0 
2021  6 26 19  6 25   46.79   11.31     56.0 
2021  6 26 19  6 26   47.27   12.76    -18.0 
2021  6 26 19  6 44   46.80   11.30     -3.0 
2021  6 26 19  6 50   46.85   11.63     33.0 
2021  6 26 19  6 50   47.14   13.09    -29.0 
2021  6 26 19  6 51   47.13   13.05    -35.0 
2021  6 26 19  6 59   46.94   12.51    -32.0 
2021  6 26 19  6 59   46.94   12.48    -36.0 
2021  6 26 19  6 59   46.94   12.50    -25.0 
2021  6 26 19  6 59   46.93   12.46    -23.0 
2021  6 26 19  6 59   47.24   12.68    -17.0 
2021  6 26 19  7 14   47.28   12.77     15.0 
2021  6 26 19  7 19   47.17   12.84    -90.0 
2021  6 26 19  7 19   46.76   11.49     44.0 
2021  6 26 19  7 19   46.78   11.50     13.0 
2021  6 26 19  7 25   46.77   11.31     12.0 
2021  6 26 19  7 43   47.29   12.72     12.0 
2021  6 26 19  8  3   46.77   11.30     57.0 
2021  6 26 19  8 36   46.83   11.64     -3.0 
2021  6 26 19  8 46   46.83   11.63     12.0 
2021  6 26 19  8 47   46.84   11.70     18.0 
2021  6 26 19  9 12   46.80   11.66    -16.0 
2021  6 26 19  9 14   47.29   12.78      8.0 
2021  6 26 19  9 14   47.27   12.76      6.0 
2021  6 26 19  9 48   47.25   12.72     59.0 
2021  6 26 19 10 15   47.29   12.67     -7.0 
2021  6 26 19 10 28   46.78   11.34     31.0 
2021  6 26 19 10 42   46.84   11.64     27.0 
2021  6 26 19 10 44   46.76   11.52    -47.0 
2021  6 26 19 10 51   47.21   12.67    -27.0 
2021  6 26 19 10 51   47.18   12.62    -18.0 
2021  6 26 19 11 25   46.77   11.55    -13.0 
2021  6 26 19 11 25   46.77   11.51    -12.0 
2021  6 26 19 11 25   46.75   11.50    -13.0 
2021  6 26 19 11 32   47.26   12.76   -105.0 
2021  6 26 19 11 32   46.75   11.60     52.0 
2021  6 26 19 11 38   46.77   11.46     53.0 
2021  6 26 19 11 42   47.14   13.12     36.0 
2021  6 26 19 11 42   47.20   13.13     39.0 
2021  6 26 19 11 52   46.77   11.51     -9.0 
2021  6 26 19 12 17   46.78   11.59     25.0 
2021  6 26 19 12 21   47.23   12.74   -178.0 
2021  6 26 19 12 21   47.25   12.75   -183.0 
2021  6 26 19 12 21   47.26   12.76    -12.0 
2021  6 26 19 12 25   46.77   11.52     18.0 
2021  6 26 19 12 51   46.78   11.51     72.0 
2021  6 26 19 13  9   46.93   12.55   -142.0 
2021  6 26 19 13  9   46.95   12.51     18.0 
2021  6 26 19 13  9   46.95   12.50     57.0 
2021  6 26 19 13 18   46.80   11.53     -5.0 
2021  6 26 19 13 23   47.23   12.80     19.0 
2021  6 26 19 13 31   46.83   11.73     37.0 
2021  6 26 19 13 57   47.23   12.74    -79.0 
2021  6 26 19 13 58   46.95   12.59     12.0 
2021  6 26 19 14  9   46.78   11.54    -18.0 
2021  6 26 19 14 17   46.77   11.73     11.0 
2021  6 26 19 14 19   46.82   11.68     -5.0 
2021  6 26 19 14 19   46.79   11.73     50.0 
2021  6 26 19 14 24   46.80   11.70    -10.0 
2021  6 26 19 14 25   47.23   12.76    105.0 
2021  6 26 19 14 51   46.76   11.70      7.0 
2021  6 26 19 15  3   46.72   11.62     52.0 
2021  6 26 19 15 19   46.92   12.56     26.0 
2021  6 26 19 15 20   47.22   12.76    -17.0 
2021  6 26 19 15 45   46.80   11.66    -12.0 
2021  6 26 19 15 56   47.20   12.93     64.0 
2021  6 26 19 15 56   47.19   12.93     25.0 
2021  6 26 19 16 19   47.19   12.74    129.0 
2021  6 26 19 16 19   47.24   12.75    -19.0 
2021  6 26 19 16 34   46.83   11.70     43.0 
2021  6 26 19 16 43   46.81   11.69     11.0 
2021  6 26 19 17  5   46.79   11.71     -3.0 
2021  6 26 19 17 14   47.22   12.75     17.0 
2021  6 26 19 17 14   47.26   12.80    -12.0 
2021  6 26 19 17 14   47.23   12.76    -16.0 
2021  6 26 19 17 37   46.83   11.73    -11.0 
2021  6 26 19 17 41   47.20   13.17    -37.0 
2021  6 26 19 17 45   46.80   11.66     49.0 
2021  6 26 19 17 49   46.79   11.62     -4.0 
2021  6 26 19 17 52   46.91   12.52     62.0 
2021  6 26 19 17 52   46.90   12.56     17.0 
2021  6 26 19 17 55   46.76   11.61     -3.0 
2021  6 26 19 18  1   46.77   11.71    -23.0 
2021  6 26 19 18  8   46.78   11.58     -6.0 
2021  6 26 19 18 11   46.76   11.72     -3.0 
2021  6 26 19 18 14   46.74   11.59     76.0 
2021  6 26 19 18 18   46.75   11.57    -12.0 
2021  6 26 19 18 18   46.72   11.63     -4.0 
2021  6 26 19 18 38   46.71   11.64     -9.0 
2021  6 26 19 18 38   46.74   11.72      3.0 
2021  6 26 19 18 38   46.76   11.72      3.0 
2021  6 26 19 18 44   47.20   12.99     23.0 
2021  6 26 19 18 44   46.79   11.74     40.0 
2021  6 26 19 18 48   46.73   11.61     -5.0 
2021  6 26 19 18 51   47.27   12.43     87.0 
2021  6 26 19 18 51   47.25   12.46     34.0 
2021  6 26 19 18 52   46.76   11.62     -3.0 
2021  6 26 19 19  6   46.76   11.62    -14.0 
2021  6 26 19 19 19   46.80   11.66      2.0 
2021  6 26 19 19 20   46.78   11.72     28.0 
2021  6 26 19 19 26   47.21   12.82    -16.0 
2021  6 26 19 19 28   46.78   11.74     45.0 
2021  6 26 19 19 28   46.81   11.68    -65.0 
2021  6 26 19 19 28   46.92   12.55    -31.0 
2021  6 26 19 19 29   47.16   13.03    -12.0 
2021  6 26 19 19 29   47.17   13.02    -16.0 
2021  6 26 19 19 31   46.76   11.57    -11.0 
2021  6 26 19 19 33   46.95   12.58      2.0 
2021  6 26 19 19 38   47.19   12.98     30.0 
2021  6 26 19 19 38   47.21   12.72    -13.0 
2021  6 26 19 19 42   46.73   11.42     43.0 
2021  6 26 19 19 44   46.71   11.65     -4.0 
2021  6 26 19 19 44   46.76   11.65     -9.0 
2021  6 26 19 19 48   46.73   11.76      2.0 
2021  6 26 19 19 48   46.75   11.75     -4.0 
2021  6 26 19 19 49   47.24   12.77    -32.0 
2021  6 26 19 19 50   47.20   12.76     -3.0 
2021  6 26 19 19 50   47.20   12.75     -3.0 
2021  6 26 19 19 50   47.17   12.80     -3.0 
2021  6 26 19 19 50   47.21   12.74     -3.0 
2021  6 26 19 19 50   47.18   12.72     -7.0 
2021  6 26 19 19 50   47.21   12.74     -3.0 
2021  6 26 19 19 50   47.22   12.73     -4.0 
2021  6 26 19 19 50   47.20   12.75     -3.0 
2021  6 26 19 19 50   47.22   12.74     -5.0 
2021  6 26 19 19 50   47.17   12.69     -5.0 
2021  6 26 19 19 50   47.19   12.70     -8.0 
2021  6 26 19 19 50   47.19   12.75     -2.0 
2021  6 26 19 19 50   47.21   12.75     -3.0 
2021  6 26 19 19 55   46.77   11.58     -6.0 
2021  6 26 19 19 55   46.74   11.58      2.0 
2021  6 26 19 20  3   46.77   11.49     11.0 
2021  6 26 19 20 13   46.79   11.63      7.0 
2021  6 26 19 20 13   46.74   11.58     -8.0 
2021  6 26 19 20 23   46.73   11.65     -3.0 
2021  6 26 19 20 23   46.73   11.63     -5.0 
2021  6 26 19 20 23   46.70   11.55    -12.0 
2021  6 26 19 20 35   46.76   11.72    -67.0 
2021  6 26 19 20 36   47.20   13.06     26.0 
2021  6 26 19 20 36   47.20   13.07    -17.0 
2021  6 26 19 20 38   47.22   12.83    -38.0 
2021  6 26 19 20 38   47.18   12.76    -14.0 
2021  6 26 19 20 38   47.22   12.82    -15.0 
2021  6 26 19 20 38   47.21   12.83    -22.0 
2021  6 26 19 20 39   47.20   12.80    -10.0 
2021  6 26 19 20 39   46.73   11.54     54.0 
2021  6 26 19 20 40   46.76   11.63     30.0 
2021  6 26 19 20 48   46.92   12.55    -59.0 
2021  6 26 19 20 50   47.25   12.83      6.0 
2021  6 26 19 20 58   46.77   11.74    -27.0 
2021  6 26 19 21  2   46.76   11.58      3.0 
2021  6 26 19 21  2   46.76   11.59     52.0 
2021  6 26 19 21 10   46.77   11.65     -4.0 
2021  6 26 19 21 10   46.74   11.61     -5.0 
2021  6 26 19 21 24   47.24   12.84    -24.0 
2021  6 26 19 21 24   47.20   12.77     22.0 
2021  6 26 19 21 24   47.22   12.85     -3.0 
2021  6 26 19 21 24   47.24   12.86    -32.0 
2021  6 26 19 21 24   47.22   12.91    -23.0 
2021  6 26 19 21 24   47.28   12.79    -17.0 
2021  6 26 19 21 25   47.25   12.87    -25.0 
2021  6 26 19 21 25   47.22   12.86    -14.0 
2021  6 26 19 21 26   46.72   11.59     -4.0 
2021  6 26 19 21 27   46.78   11.47     -4.0 
2021  6 26 19 21 28   46.77   11.79     -2.0 
2021  6 26 19 21 32   46.94   12.53     -3.0 
2021  6 26 19 21 42   46.76   11.66     15.0 
2021  6 26 19 21 43   46.73   11.52     -6.0 
2021  6 26 19 21 43   46.75   11.58      2.0 
2021  6 26 19 21 51   46.75   11.49    -14.0 
2021  6 26 19 21 55   46.76   11.42    -25.0 
2021  6 26 19 21 59   47.23   12.85    -58.0 
2021  6 26 19 21 59   47.20   12.84    -27.0 
2021  6 26 19 22  1   47.24   12.81    -14.0 
2021  6 26 19 22  1   47.20   12.75     -4.0 
2021  6 26 19 22  4   46.74   11.62     -5.0 
2021  6 26 19 22  5   46.75   11.62     -3.0 
2021  6 26 19 22 16   46.76   11.51     -5.0 
2021  6 26 19 22 21   46.77   11.66     -5.0 
2021  6 26 19 22 24   46.74   11.73     86.0 
2021  6 26 19 22 24   46.78   11.73     31.0 
2021  6 26 19 22 30   46.79   11.60     -5.0 
2021  6 26 19 22 51   47.24   12.86    -39.0 
2021  6 26 19 22 51   47.22   12.78    -30.0 
2021  6 26 19 22 53   47.21   13.08    -21.0 
2021  6 26 19 22 53   47.28   12.82    -18.0 
2021  6 26 19 22 55   46.76   11.60     -4.0 
2021  6 26 19 23  0   46.74   11.61    -12.0 
2021  6 26 19 23  9   46.75   11.31    -29.0 
2021  6 26 19 23 20   46.74   11.61     -5.0 
2021  6 26 19 23 28   46.77   11.76     -4.0 
2021  6 26 19 23 29   46.73   11.64     -3.0 
2021  6 26 19 23 32   46.74   11.62      4.0 
2021  6 26 19 23 34   46.74   11.62     80.0 
2021  6 26 19 23 43   46.70   11.56     -4.0 
2021  6 26 19 23 43   46.71   11.56      8.0 
2021  6 26 19 23 56   46.74   11.32      7.0 
2021  6 26 19 23 59   46.69   11.67     12.0 
2021  6 26 19 23 59   46.74   11.61     -5.0 
2021  6 26 19 24  0   46.78   12.06     -7.0 
2021  6 26 19 24  3   46.71   11.75     -3.0 
2021  6 26 19 24  4   47.09   12.68     36.0 
2021  6 26 19 24  4   47.23   12.83     -3.0 
2021  6 26 19 24  9   46.74   11.72     43.0 
2021  6 26 19 24 14   46.78   11.57     -4.0 
2021  6 26 19 24 16   46.75   11.32    -43.0 
2021  6 26 19 24 18   46.71   11.56     -4.0 
2021  6 26 19 24 21   46.75   11.55     -3.0 
2021  6 26 19 24 35   46.77   11.60     -2.0 
2021  6 26 19 24 39   46.72   11.37    -10.0 
2021  6 26 19 24 39   46.75   11.36     -4.0 
2021  6 26 19 24 43   46.77   11.59      6.0 
2021  6 26 19 24 43   46.77   11.62      9.0 
2021  6 26 19 24 46   47.09   12.68     29.0 
2021  6 26 19 24 46   47.23   12.77    -16.0 
2021  6 26 19 24 46   47.22   12.74    -13.0 
2021  6 26 19 24 50   46.79   11.31    -13.0 
2021  6 26 19 24 53   46.74   11.73     -2.0 
2021  6 26 19 24 56   46.75   11.61     -3.0 
2021  6 26 19 24 56   46.75   11.58     -3.0 
2021  6 26 19 24 56   46.75   11.69      3.0 
2021  6 26 19 24 58   46.71   11.59     -4.0 
2021  6 26 19 24 59   46.75   11.35     -6.0 
2021  6 26 19 24 59   46.73   11.36     -8.0 
2021  6 26 19 25  6   46.96   12.58     25.0 
2021  6 26 19 25  9   46.80   11.73     66.0 
2021  6 26 19 25 10   46.77   12.08     73.0 
2021  6 26 19 25 15   46.72   11.54     -9.0 
2021  6 26 19 25 15   46.77   11.56     -5.0 
2021  6 26 19 25 15   46.74   11.64      1.0 
2021  6 26 19 25 20   46.75   11.75     -2.0 
2021  6 26 19 25 20   46.77   11.72     -9.0 
2021  6 26 19 25 26   46.75   11.55     -5.0 
2021  6 26 19 25 28   47.23   12.75     -4.0 
2021  6 26 19 25 28   47.20   12.76     -2.0 
2021  6 26 19 25 32   47.12   12.80     -8.0 
2021  6 26 19 25 32   47.16   12.84    -17.0 
2021  6 26 19 25 32   47.14   12.81    -23.0 
2021  6 26 19 25 33   46.76   11.62     -4.0 
2021  6 26 19 25 35   46.76   11.73     -6.0 
2021  6 26 19 25 46   47.21   12.80    -13.0 
2021  6 26 19 25 47   47.24   12.84    -32.0 
2021  6 26 19 25 47   47.19   12.80    -12.0 
2021  6 26 19 25 47   47.21   12.84    -17.0 
2021  6 26 19 25 48   46.74   11.78      4.0 
2021  6 26 19 25 49   46.72   11.68     -7.0 
2021  6 26 19 25 56   46.75   11.34    -14.0 
2021  6 26 19 25 56   46.75   11.34     -4.0 
2021  6 26 19 25 56   46.74   11.33    -25.0 
2021  6 26 19 26  8   46.76   12.05      3.0 
2021  6 26 19 26 11   46.71   11.28     -8.0 
2021  6 26 19 26 11   46.80   11.57     -6.0 
2021  6 26 19 26 17   46.75   11.33     -2.0 
2021  6 26 19 26 17   46.71   11.34     -2.0 
2021  6 26 19 26 22   46.76   11.67     -9.0 
2021  6 26 19 26 22   46.76   11.38      7.0 
2021  6 26 19 26 24   46.70   11.29     37.0 
2021  6 26 19 26 28   46.78   11.31      7.0 
2021  6 26 19 26 29   46.77   12.09      4.0 
2021  6 26 19 26 35   46.74   11.65      8.0 
2021  6 26 19 26 36   47.08   12.70      8.0 
2021  6 26 19 26 48   46.74   11.73     -2.0 
2021  6 26 19 26 49   46.75   11.75     -3.0 
2021  6 26 19 26 59   46.76   11.50      4.0 
2021  6 26 19 27  3   46.99   12.62      3.0 
2021  6 26 19 27  3   46.99   12.60     13.0 
2021  6 26 19 27  4   46.95   12.64    -43.0 
2021  6 26 19 27  4   46.96   12.60    -28.0 
2021  6 26 19 27  5   46.75   12.07     -4.0 
2021  6 26 19 27  7   46.75   11.61     -1.0 
2021  6 26 19 27  7   46.74   11.58     -2.0 
2021  6 26 19 27 13   46.74   11.75     42.0 
2021  6 26 19 27 16   46.72   11.38     -4.0 
2021  6 26 19 27 24   46.74   11.64     -5.0 
2021  6 26 19 27 27   46.75   11.55     -3.0 
2021  6 26 19 27 31   46.71   11.52     -1.0 
2021  6 26 19 27 38   46.78   11.54     -3.0 
2021  6 26 19 27 43   46.74   11.65     13.0 
2021  6 26 19 27 44   46.76   11.58     -2.0 
2021  6 26 19 27 46   46.80   11.70     -5.0 
2021  6 26 19 27 49   46.73   11.64      7.0 
2021  6 26 19 27 49   46.81   11.76     19.0 
2021  6 26 19 28  1   46.96   12.57     10.0 
2021  6 26 19 28  2   46.94   12.61      6.0 
2021  6 26 19 28  2   46.99   12.61      4.0 
2021  6 26 19 28  2   46.76   11.74      2.0 
2021  6 26 19 28  4   46.76   11.73      5.0 
2021  6 26 19 28  8   46.76   11.68     -2.0 
2021  6 26 19 28  8   46.76   11.60      3.0 
2021  6 26 19 28 18   46.79   11.70    -12.0 
2021  6 26 19 28 18   46.77   11.69    -20.0 
2021  6 26 19 28 20   46.97   12.52    -28.0 
2021  6 26 19 28 23   46.75   11.79      4.0 
2021  6 26 19 28 23   46.77   11.80     -5.0 
2021  6 26 19 28 26   46.71   11.38     -3.0 
2021  6 26 19 28 27   46.72   11.40     -3.0 
2021  6 26 19 28 27   46.75   11.32    -11.0 
2021  6 26 19 28 32   46.73   11.61     -3.0 
2021  6 26 19 28 33   46.71   11.72     -7.0 
2021  6 26 19 28 36   46.77   11.61      3.0 
2021  6 26 19 28 36   46.74   11.60     -2.0 
2021  6 26 19 28 39   46.77   11.61     -4.0 
2021  6 26 19 28 45   46.79   11.78    -10.0 
2021  6 26 19 28 55   46.80   11.72     24.0 
2021  6 26 19 28 55   46.76   11.75    -13.0 
2021  6 26 19 29 14   46.99   12.61     15.0 
2021  6 26 19 29 20   46.78   11.63    -15.0 
2021  6 26 19 29 26   46.76   11.62    -13.0 
2021  6 26 19 29 31   46.98   12.52    -57.0 
2021  6 26 19 29 31   46.96   12.49    -15.0 
2021  6 26 19 29 32   46.97   12.51    -22.0 
2021  6 26 19 29 43   47.00   12.65    -14.0 
2021  6 26 19 29 43   47.04   12.70    -29.0 
2021  6 26 19 29 43   47.02   12.71    -20.0 
2021  6 26 19 29 43   47.04   12.70    -21.0 
2021  6 26 19 29 51   46.73   11.75    -14.0 
2021  6 26 19 30  1   46.78   11.70    124.0 
2021  6 26 19 30 35   46.78   11.69    -11.0 
2021  6 26 19 30 37   46.74   11.60    -13.0 
2021  6 26 19 30 44   46.73   11.75    -15.0 
2021  6 26 19 30 46   46.81   11.68    -20.0 
2021  6 26 19 30 53   46.80   11.74     39.0 
2021  6 26 19 30 57   46.81   11.73    -17.0 
2021  6 26 19 30 57   46.82   11.81     -6.0 
2021  6 26 19 31 12   46.77   11.63     10.0 
2021  6 26 19 31 30   46.74   11.61    -16.0 
2021  6 26 19 31 30   46.75   11.66     -5.0 
2021  6 26 19 31 40   46.74   11.35     -8.0 
2021  6 26 19 31 56   46.73   11.63    -20.0 
2021  6 26 19 31 59   46.80   11.74     32.0 
2021  6 26 19 32  2   46.74   11.54     -4.0 
2021  6 26 19 32  5   46.76   11.65    -24.0 
2021  6 26 19 32  5   46.79   11.64    -10.0 
2021  6 26 19 32 12   46.74   11.37     77.0 
2021  6 26 19 32 31   46.98   12.59     20.0 
2021  6 26 19 32 31   46.71   11.62    -18.0 
2021  6 26 19 32 35   47.18   12.87    -24.0 
2021  6 26 19 32 37   46.80   12.15     50.0 
2021  6 26 19 32 50   46.74   11.64    -15.0 
2021  6 26 19 32 55   46.77   11.64     -5.0 
2021  6 26 19 33 28   46.97   12.63    -30.0 
2021  6 26 19 34 11   46.71   11.35    -15.0 
2021  6 26 19 34 12   46.76   11.64    -17.0 
2021  6 26 19 34 29   47.15   12.88    -56.0 
2021  6 26 19 34 30   46.73   11.83     98.0 
2021  6 26 19 34 33   46.98   12.49    -68.0 
2021  6 26 19 34 33   46.99   12.49    -40.0 
2021  6 26 19 34 33   46.97   12.48    -29.0 
2021  6 26 19 34 52   46.75   11.67    -15.0 
2021  6 26 19 35  9   46.70   11.83    -19.0 
2021  6 26 19 35 15   46.71   11.36     20.0 
2021  6 26 19 35 17   47.41   15.45     54.0 
2021  6 26 19 35 21   46.97   12.66    -13.0 
2021  6 26 19 35 26   46.73   11.70     45.0 
2021  6 26 19 35 26   46.75   11.75    -18.0 
2021  6 26 19 35 28   47.14   12.89    -18.0 
2021  6 26 19 35 42   46.75   11.62    -15.0 
2021  6 26 19 35 54   47.25   12.99    -34.0 
2021  6 26 19 36 14   46.70   11.35    -29.0 
2021  6 26 19 36 16   46.79   11.64     12.0 
2021  6 26 19 36 19   47.15   12.86   -116.0 
2021  6 26 19 36 25   46.95   12.52    -38.0 
2021  6 26 19 36 42   46.73   11.37    -15.0 
2021  6 26 19 36 44   46.71   11.83     -9.0 
2021  6 26 19 37  6   46.74   11.38     -5.0 
2021  6 26 19 37 10   46.77   11.65     11.0 
2021  6 26 19 37 25   46.77   11.69     -9.0 
2021  6 26 19 37 44   46.74   11.39    -18.0 
2021  6 26 19 37 53   46.71   11.38    -23.0 
2021  6 26 19 37 53   46.74   11.38    -16.0 
2021  6 26 19 38 10   46.75   11.65    -14.0 
2021  6 26 19 38 15   46.77   11.40     -9.0 
2021  6 26 19 39 44   47.41   15.40     59.0 
2021  6 26 19 40 25   46.73   11.38    -13.0 
2021  6 26 19 40 44   46.96   12.71     71.0 
2021  6 26 19 41 33   46.96   12.53    -31.0 
2021  6 26 19 41 33   46.94   12.47     22.0 
2021  6 26 19 41 43   46.72   11.38     -6.0 
2021  6 26 19 41 45   47.32   12.84     36.0 
2021  6 26 19 42  2   47.01   12.72     48.0 
2021  6 26 19 42  2   46.98   12.68    -10.0 
2021  6 26 19 42 33   47.32   13.06     86.0 
2021  6 26 19 42 39   47.37   15.40    101.0 
2021  6 26 19 43 40   46.73   11.60     39.0 
2021  6 26 19 43 59   47.09   12.65     28.0 
2021  6 26 19 45 50   46.77   10.98    -29.0 
2021  6 26 19 45 58   46.78   12.12     35.0 
2021  6 26 19 45 58   46.78   12.12     25.0 
2021  6 26 19 46  4   47.11   12.83     67.0 
2021  6 26 19 46 22   46.67   11.56    -31.0 
2021  6 26 19 46 29   46.70   11.56    -17.0 
2021  6 26 19 46 56   46.70   11.83    -30.0 
2021  6 26 19 47  7   47.03   12.78     28.0 
2021  6 26 19 47  7   47.03   12.79     21.0 
2021  6 26 19 47  7   47.03   12.79     39.0 
2021  6 26 19 47 13   46.70   11.59     -7.0 
2021  6 26 19 47 19   46.67   11.81    -10.0 
2021  6 26 19 47 22   46.74   11.86    -22.0 
2021  6 26 19 47 25   46.70   11.44    -24.0 
2021  6 26 19 47 29   46.78   12.08     -5.0 
2021  6 26 19 47 33   46.72   11.91     92.0 
2021  6 26 19 47 33   46.77   11.91     25.0 
2021  6 26 19 47 33   46.78   11.94    -17.0 
2021  6 26 19 47 34   47.20   13.13   -213.0 
2021  6 26 19 47 34   47.25   13.17     61.0 
2021  6 26 19 48 30   47.29   13.16    -82.0 
2021  6 26 19 49  4   46.66   11.57    -14.0 
2021  6 26 19 49  4   46.67   11.57     15.0 
2021  6 26 19 49 29   47.08   12.86     45.0 
2021  6 26 19 49 33   46.75   11.72    121.0 
2021  6 26 19 50 10   46.77   11.91    -14.0 
2021  6 26 19 50 19   47.03   12.76     30.0 
2021  6 26 19 50 19   47.03   12.76     80.0 
2021  6 26 19 50 19   47.02   12.75     18.0 
2021  6 26 19 50 25   47.50   12.42    -33.0 
2021  6 26 19 50 25   47.52   12.43    -19.0 
2021  6 26 19 50 28   46.68   11.42    -32.0 
2021  6 26 19 50 54   47.01   12.73     35.0 
2021  6 26 19 51 16   46.74   11.82     33.0 
2021  6 26 19 51 17   46.75   11.83     28.0 
2021  6 26 19 51 26   46.67   11.83    -13.0 
2021  6 26 19 51 37   46.68   11.84    -40.0 
2021  6 26 19 51 45   46.76   12.11     14.0 
2021  6 26 19 51 59   46.71   11.84     26.0 
2021  6 26 19 52  8   46.68   11.88    -24.0 
2021  6 26 19 52 29   46.66   11.86    -16.0 
2021  6 26 19 52 33   47.02   12.78     45.0 
2021  6 26 19 52 34   46.98   12.71    -20.0 
2021  6 26 19 52 39   47.17   12.99     63.0 
2021  6 26 19 52 39   46.68   11.85    -30.0 
2021  6 26 19 53  0   46.65   11.86    -61.0 
2021  6 26 19 53 19   46.65   11.87     12.0 
2021  6 26 19 53 19   46.63   11.87    -10.0 
2021  6 26 19 53 36   47.01   12.82     61.0 
2021  6 26 19 53 37   46.68   11.85     19.0 
2021  6 26 19 54 10   46.68   11.89    -17.0 
2021  6 26 19 54 37   47.03   12.80     39.0 
2021  6 26 19 54 39   46.64   11.56    -24.0 
2021  6 26 19 54 39   46.64   11.57     18.0 
2021  6 26 19 55  2   46.61   11.57    -15.0 
2021  6 26 19 55  6   46.70   11.45    -31.0 
2021  6 26 19 55 10   47.32   13.20     45.0 
2021  6 26 19 55 19   46.69   11.82     91.0 
2021  6 26 19 55 19   46.70   11.87     13.0 
2021  6 26 19 55 33   46.71   11.44    -24.0 
2021  6 26 19 55 35   46.99   12.75     20.0 
2021  6 26 19 55 44   46.65   11.57    -27.0 
2021  6 26 19 55 48   46.69   11.45     -4.0 
2021  6 26 19 55 52   46.67   11.89    -17.0 
2021  6 26 19 56 23   47.00   12.78     68.0 
2021  6 26 19 56 35   46.63   11.86    -17.0 
2021  6 26 19 56 35   46.67   11.86    -16.0 
2021  6 26 19 56 54   46.66   11.55    -43.0 
2021  6 26 19 56 54   46.61   11.60    -28.0 
2021  6 26 19 57  5   47.23   13.02     78.0 
2021  6 26 19 57 11   46.66   11.62    -61.0 
2021  6 26 19 57 12   46.61   11.60     13.0 
2021  6 26 19 57 12   46.61   11.62      9.0 
2021  6 26 19 57 25   47.37   13.29    -89.0 
2021  6 26 19 57 41   47.05   12.82     17.0 
2021  6 26 19 57 41   46.99   12.79     49.0 
2021  6 26 19 58 10   46.62   11.63     73.0 
2021  6 26 19 58 35   47.01   12.78     61.0 
2021  6 26 19 59 21   46.77   12.10     44.0 
2021  6 26 19 59 53   46.63   11.62    -15.0 
2021  6 26 19 59 53   46.62   11.62     -9.0 
2021  6 26 20  0 29   47.36   13.24     19.0 
2021  6 26 20  0 29   47.36   13.25     20.0 
2021  6 26 20  0 54   46.68   11.88     33.0 
2021  6 26 20  0 54   46.70   11.86    -12.0 
2021  6 26 20  0 55   46.71   11.87    -24.0 
2021  6 26 20  1 34   46.59   11.61    -36.0 
2021  6 26 20  1 35   46.94   12.85     32.0 
2021  6 26 20  1 35   46.95   12.82     91.0 
2021  6 26 20  2  6   46.64   11.86     47.0 
2021  6 26 20  2 16   46.68   11.49     42.0 
2021  6 26 20  2 34   46.58   11.62    -90.0 
2021  6 26 20  2 43   47.34   13.27   -104.0 
2021  6 26 20  2 43   47.34   13.19    -17.0 
2021  6 26 20  2 43   47.28   13.15    -98.0 
2021  6 26 20  2 44   47.28   13.14    -46.0 
2021  6 26 20  2 44   47.29   13.13    -19.0 
2021  6 26 20  2 44   47.26   13.10    -13.0 
2021  6 26 20  2 45   46.96   12.84     88.0 
2021  6 26 20  2 45   47.19   13.03    -16.0 
2021  6 26 20  2 45   47.19   13.04    -35.0 
2021  6 26 20  2 54   46.58   11.61    -13.0 
2021  6 26 20  3 12   46.59   11.62    -18.0 
2021  6 26 20  3 12   46.62   11.59    -15.0 
2021  6 26 20  3 55   47.02   12.83     69.0 
2021  6 26 20  3 55   47.06   12.85     24.0 
2021  6 26 20  3 55   46.94   12.73     44.0 
2021  6 26 20  4  4   47.30   12.89     39.0 
2021  6 26 20  4 13   46.62   11.64     78.0 
2021  6 26 20  4 24   46.60   11.62    -11.0 
2021  6 26 20  4 30   47.28   13.29    -64.0 
2021  6 26 20  4 30   47.31   13.25    -14.0 
2021  6 26 20  4 39   46.59   11.60    -58.0 
2021  6 26 20  4 55   47.24   13.09     19.0 
2021  6 26 20  4 56   47.20   13.03    -15.0 
2021  6 26 20  4 56   47.19   13.02    -20.0 
2021  6 26 20  5 11   47.03   12.83     46.0 
2021  6 26 20  5 52   46.61   11.82     32.0 
2021  6 26 20  5 56   46.61   11.61    -11.0 
2021  6 26 20  5 58   46.96   12.97     67.0 
2021  6 26 20  6 38   47.04   12.83     68.0 
2021  6 26 20  6 38   47.04   12.85     86.0 
2021  6 26 20  6 52   46.71   11.51     49.0 
2021  6 26 20  7  9   47.05   12.92     47.0 
2021  6 26 20  7 18   46.64   11.86    -19.0 
2021  6 26 20  7 49   46.81   12.75    -24.0 
2021  6 26 20  7 55   46.92   12.95     43.0 
2021  6 26 20  8 10   47.03   12.98     23.0 
2021  6 26 20  9  7   47.09   12.98     50.0 
2021  6 26 20  9  9   46.58   11.61    -13.0 
2021  6 26 20  9 23   46.69   11.50     15.0 
2021  6 26 20  9 36   46.99   12.94     61.0 
2021  6 26 20  9 36   47.01   12.95    -21.0 
2021  6 26 20  9 36   47.03   12.97    -19.0 
2021  6 26 20 10 19   47.11   13.15    -31.0 
2021  6 26 20 10 19   47.12   13.15    -11.0 
2021  6 26 20 10 24   46.80   12.73     50.0 
2021  6 26 20 10 24   46.83   12.75    -15.0 
2021  6 26 20 10 46   47.29   13.22   -168.0 
2021  6 26 20 11  5   47.06   13.06    -33.0 
2021  6 26 20 11  7   46.72   12.05     43.0 
2021  6 26 20 11 19   47.01   12.94    140.0 
2021  6 26 20 11 19   47.05   12.88     42.0 
2021  6 26 20 11 19   47.18   12.89     76.0 
2021  6 26 20 11 46   46.81   12.76     35.0 
2021  6 26 20 12 49   47.13   15.15    -54.0 
2021  6 26 20 12 56   46.89   12.93     53.0 
2021  6 26 20 13 13   46.54   11.52   -155.0 
2021  6 26 20 13 24   46.65   11.36     38.0 
2021  6 26 20 13 53   47.10   13.14    -17.0 
2021  6 26 20 13 53   47.10   13.14    -11.0 
2021  6 26 20 13 53   47.09   13.13    -21.0 
2021  6 26 20 13 53   47.12   13.15    -29.0 
2021  6 26 20 13 53   47.07   13.09    -36.0 
2021  6 26 20 13 54   47.10   14.03    -71.0 
2021  6 26 20 14  4   47.04   12.92     84.0 
2021  6 26 20 14  4   47.01   12.89    -29.0 
2021  6 26 20 14 28   47.13   13.16    -25.0 
2021  6 26 20 14 28   47.14   13.16    -26.0 
2021  6 26 20 14 28   47.10   13.13    -18.0 
2021  6 26 20 14 59   47.05   12.92     62.0 
2021  6 26 20 15  1   46.67   11.72     33.0 
2021  6 26 20 15 50   46.64   11.95     78.0 
2021  6 26 20 15 56   47.07   13.13     23.0 
2021  6 26 20 16 16   47.07   13.02     31.0 
2021  6 26 20 16 16   46.99   12.87    -15.0 
2021  6 26 20 16 33   46.66   11.47    -45.0 
2021  6 26 20 17  2   47.07   13.08     45.0 
2021  6 26 20 17 10   46.90   12.94     48.0 
2021  6 26 20 17 15   47.00   12.76     24.0 
2021  6 26 20 17 15   46.99   12.75    -51.0 
2021  6 26 20 17 15   47.01   12.77    -25.0 
2021  6 26 20 17 15   47.02   12.77    -24.0 
2021  6 26 20 17 50   47.31   13.28    -31.0 
2021  6 26 20 17 50   47.32   13.04     38.0 
2021  6 26 20 17 50   47.32   13.25     40.0 
2021  6 26 20 17 51   47.09   13.12    -16.0 
2021  6 26 20 17 51   47.07   13.11     -9.0 
2021  6 26 20 17 51   47.09   13.12    -10.0 
2021  6 26 20 17 52   46.93   12.93     66.0 
2021  6 26 20 18 20   46.79   12.72    -32.0 
2021  6 26 20 18 22   47.14   13.20    -14.0 
2021  6 26 20 18 32   46.56   11.49    -35.0 
2021  6 26 20 18 47   47.03   13.13    -21.0 
2021  6 26 20 18 47   47.08   13.14    -18.0 
2021  6 26 20 18 48   47.08   13.14    -23.0 
2021  6 26 20 18 48   47.14   13.09    -22.0 
2021  6 26 20 18 48   47.12   13.23     41.0 
2021  6 26 20 18 59   47.57   15.19    -38.0 
2021  6 26 20 19  8   47.30   13.29    -21.0 
2021  6 26 20 19 18   46.70   12.17     49.0 
2021  6 26 20 19 43   47.04   13.05     17.0 
2021  6 26 20 19 43   47.03   13.03     49.0 
2021  6 26 20 19 43   47.02   12.99    103.0 
2021  6 26 20 20  0   47.12   13.18    -13.0 
2021  6 26 20 20 34   47.14   13.10     28.0 
2021  6 26 20 20 48   46.82   12.78    -35.0 
2021  6 26 20 20 55   47.30   13.27    -24.0 
2021  6 26 20 21 24   46.71   12.18     72.0 
2021  6 26 20 22 16   47.05   13.08     16.0 
2021  6 26 20 23 11   47.06   13.10    -20.0 
2021  6 26 20 23 30   47.16   13.19     45.0 
2021  6 26 20 23 59   47.14   13.20    -41.0 
2021  6 26 20 25 20   47.05   13.12    -58.0 
2021  6 26 20 25 20   47.08   13.17    -28.0 
2021  6 26 20 25 51   47.15   13.26    -25.0 
2021  6 26 20 25 51   47.17   13.26    -28.0 
2021  6 26 20 25 51   47.16   13.25    -18.0 
2021  6 26 20 25 51   47.19   13.27    -20.0 
2021  6 26 20 25 51   47.12   13.28    -20.0 
2021  6 26 20 26  1   46.58   11.84     24.0 
2021  6 26 20 26  5   46.72   12.16     30.0 
2021  6 26 20 26 12   47.11   13.33    -34.0 
2021  6 26 20 26 19   47.17   13.21     11.0 
2021  6 26 20 27  5   46.62   11.36    -25.0 
2021  6 26 20 27 14   46.62   12.06     62.0 
2021  6 26 20 27 28   47.12   13.20    -12.0 
2021  6 26 20 28  3   47.13   13.21     35.0 
2021  6 26 20 28 58   46.92   13.01    -73.0 
2021  6 26 20 29  7   47.11   13.36     46.0 
2021  6 26 20 29  8   47.12   13.23    -62.0 
2021  6 26 20 29 25   46.59   12.19    123.0 
2021  6 26 20 29 26   46.59   12.02     77.0 
2021  6 26 20 29 49   47.05   13.13     16.0 
2021  6 26 20 29 49   47.04   13.18    -33.0 
2021  6 26 20 29 49   47.15   13.23    -58.0 
2021  6 26 20 29 49   47.18   13.25    -25.0 
2021  6 26 20 30  2   46.55   11.80     49.0 
2021  6 26 20 30 45   46.70   12.25     77.0 
2021  6 26 20 30 50   47.04   13.13     33.0 
2021  6 26 20 30 51   47.12   13.36     23.0 
2021  6 26 20 31 39   46.69   12.25     77.0 
2021  6 26 20 31 40   47.07   13.16     23.0 
2021  6 26 20 31 40   47.12   13.28     26.0 
2021  6 26 20 31 47   47.32   13.31     28.0 
2021  6 26 20 33  1   47.08   13.16     21.0 
2021  6 26 20 33 34   46.71   12.26     67.0 
2021  6 26 20 34 47   47.12   13.24     12.0 
2021  6 26 20 34 47   47.12   13.35     44.0 
2021  6 26 20 34 50   46.72   12.26     54.0 
2021  6 26 20 36 34   46.58   12.07    -21.0 
2021  6 26 20 37  7   46.99   13.13     46.0 
2021  6 26 20 37  7   46.98   13.09    -45.0 
2021  6 26 20 37  9   46.58   12.11    -14.0 
2021  6 26 20 37 51   46.96   13.11    -21.0 
2021  6 26 20 37 52   46.98   13.03     23.0 
2021  6 26 20 38 12   47.01   13.13     18.0 
2021  6 26 20 38 46   46.59   11.43    -20.0 
2021  6 26 20 39  3   47.37   13.42    -58.0 
2021  6 26 20 39  3   47.38   13.48    -18.0 
2021  6 26 20 39  3   47.34   13.43    -19.0 
2021  6 26 20 39 16   47.00   13.12    -19.0 
2021  6 26 20 40 11   46.57   11.44     28.0 
2021  6 26 20 40 31   47.03   13.51   -262.0 
2021  6 26 20 40 40   47.20   13.42    -48.0 
2021  6 26 20 41 11   47.35   13.40     20.0 
2021  6 26 20 41 11   47.33   13.42     57.0 
2021  6 26 20 41 12   47.36   13.42    -21.0 
2021  6 26 20 41 12   47.34   13.38    -30.0 
2021  6 26 20 41 12   47.37   13.42    -27.0 
2021  6 26 20 41 22   46.61   11.47     26.0 
2021  6 26 20 41 22   46.61   11.49    -19.0 
2021  6 26 20 41 27   47.01   13.09     26.0 
2021  6 26 20 42 20   46.65   11.34     65.0 
2021  6 26 20 42 46   46.61   11.45    -11.0 
2021  6 26 20 43 39   47.15   13.35     40.0 
2021  6 26 20 44 19   46.66   11.13     29.0 
2021  6 26 20 45 20   47.16   13.32     33.0 
2021  6 26 20 45 25   46.65   12.31     51.0 
2021  6 26 20 46 52   47.00   13.11    -16.0 
2021  6 26 20 46 52   47.01   13.10     24.0 
2021  6 26 20 46 54   47.05   13.51     29.0 
2021  6 26 20 46 55   46.55   11.79    -30.0 
2021  6 26 20 47  5   46.59   12.23    -36.0 
2021  6 26 20 47 20   46.57   12.22    -14.0 
2021  6 26 20 47 20   46.56   12.23    -16.0 
2021  6 26 20 47 20   46.59   12.19     13.0 
2021  6 26 20 47 45   46.58   12.19    -10.0 
2021  6 26 20 48 16   46.62   12.22     18.0 
2021  6 26 20 48 26   47.05   13.52     30.0 
2021  6 26 20 48 26   47.05   13.56     14.0 
2021  6 26 20 48 29   46.68   12.31     19.0 
2021  6 26 20 48 56   47.06   13.51     44.0 
2021  6 26 20 48 56   46.76   12.61     30.0 
2021  6 26 20 49 17   47.07   14.12    -49.0 
2021  6 26 20 49 36   47.03   13.54     32.0 
2021  6 26 20 49 51   46.56   12.21    -54.0 
2021  6 26 20 50  1   46.99   13.15     38.0 
2021  6 26 20 50 21   46.56   12.28    -14.0 
2021  6 26 20 50 22   46.47   11.76    -41.0 
2021  6 26 20 51  8   46.65   12.30    168.0 
2021  6 26 20 52 21   47.03   13.43     33.0 
2021  6 26 20 52 21   46.52   12.12     74.0 
2021  6 26 20 52 57   47.01   13.19     15.0 
2021  6 26 20 52 57   46.96   13.14     27.0 
2021  6 26 20 53 20   47.11   13.48     27.0 
2021  6 26 20 53 39   46.66   12.28    228.0 
2021  6 26 20 53 56   46.46   11.71     28.0 
2021  6 26 20 54  4   46.49   11.67    -32.0 
2021  6 26 20 54  5   46.76   12.71     58.0 
2021  6 26 20 54 15   46.61   11.34     54.0 
2021  6 26 20 54 33   46.50   12.27    -39.0 
2021  6 26 20 55 37   47.01   13.17     56.0 
2021  6 26 20 56 23   46.48   11.69    -23.0 
2021  6 26 20 56 24   46.49   11.69    -24.0 
2021  6 26 20 56 35   47.01   14.11    -89.0 
2021  6 26 20 56 35   47.00   14.16    -34.0 
2021  6 26 20 56 35   47.06   14.15    -49.0 
2021  6 26 20 56 36   47.04   14.14    -49.0 
2021  6 26 20 56 36   47.04   14.13    -22.0 
2021  6 26 20 56 36   47.01   14.15    -21.0 
2021  6 26 20 56 36   47.10   14.13    -16.0 
2021  6 26 20 56 36   47.02   14.13    -19.0 
2021  6 26 20 56 45   47.12   13.48     15.0 
2021  6 26 20 56 56   46.77   12.76    -12.0 
2021  6 26 20 57 32   47.03   14.08   -138.0 
2021  6 26 20 57 32   47.05   14.15    -31.0 
2021  6 26 20 58 16   46.89   13.68     32.0 
2021  6 26 20 58 36   47.05   13.47     32.0 
2021  6 26 20 58 37   47.06   13.61     56.0 
2021  6 26 20 58 49   47.24   13.47     29.0 
2021  6 26 20 59 48   47.24   13.52     39.0 
2021  6 26 20 59 49   47.27   13.51     16.0 
2021  6 26 20 59 49   47.04   13.08     23.0 
2021  6 26 21  0 31   47.04   14.05     19.0 
2021  6 26 21  0 53   46.49   11.74    -16.0 
2021  6 26 21  1  7   46.99   13.33     47.0 
2021  6 26 21  1  7   47.01   13.30     23.0 
2021  6 26 21  1  7   46.91   13.19   -102.0 
2021  6 26 21  1 40   47.08   13.47     22.0 
2021  6 26 21  2 18   46.96   13.34    123.0 
2021  6 26 21  2 31   47.06   14.10     36.0 
2021  6 26 21  3 10   46.95   13.35     10.0 
2021  6 26 21  4 12   47.21   13.51    -22.0 
2021  6 26 21  4 44   46.75   12.73     23.0 
2021  6 26 21  5 26   47.26   13.54     30.0 
2021  6 26 21  5 26   47.26   13.55    -17.0 
2021  6 26 21  6 28   47.02   13.47     48.0 
2021  6 26 21  6 29   46.70   12.72     29.0 
2021  6 26 21  6 35   47.24   13.52    -25.0 
2021  6 26 21  6 35   47.29   13.55     27.0 
2021  6 26 21  6 41   46.87   13.77    -50.0 
2021  6 26 21  7 57   47.34   13.54    -17.0 
2021  6 26 21  7 57   47.32   13.56    -41.0 
2021  6 26 21  7 57   47.35   13.53    -18.0 
2021  6 26 21  7 57   47.34   13.53    -29.0 
2021  6 26 21  8 19   46.59   11.33    -36.0 
2021  6 26 21  8 39   46.94   13.70    -21.0 
2021  6 26 21  8 44   46.47   12.15    -12.0 
2021  6 26 21  8 44   46.44   12.15     21.0 
2021  6 26 21  8 44   46.53   12.29     47.0 
2021  6 26 21  9 40   47.28   13.55     27.0 
2021  6 26 21  9 41   46.96   13.26    -37.0 
2021  6 26 21  9 41   46.98   13.24    -13.0 
2021  6 26 21  9 45   46.45   12.18     10.0 
2021  6 26 21  9 51   47.01   13.54     45.0 
2021  6 26 21 11 16   46.53   12.31     79.0 
2021  6 26 21 11 24   46.88   13.56     62.0 
2021  6 26 21 11 31   47.34   13.52    -22.0 
2021  6 26 21 11 32   47.34   13.54    -23.0 
2021  6 26 21 13 33   46.45   12.21     34.0 
2021  6 26 21 13 42   46.91   13.70     59.0 
2021  6 26 21 14 22   46.44   12.21    -12.0 
2021  6 26 21 15 34   46.90   13.54    119.0 
2021  6 26 21 16  0   46.41   12.21    -24.0 
2021  6 26 21 16  5   46.99   13.63   -216.0 
2021  6 26 21 16  6   47.09   13.53    -74.0 
2021  6 26 21 16 26   47.01   14.13    -65.0 
2021  6 26 21 16 31   46.92   13.56     70.0 
2021  6 26 21 17 29   47.30   13.60    -33.0 
2021  6 26 21 17 35   47.05   13.58    -13.0 
2021  6 26 21 17 36   47.08   13.64     54.0 
2021  6 26 21 17 49   47.04   14.14     24.0 
2021  6 26 21 17 49   47.03   14.17    -11.0 
2021  6 26 21 17 50   46.36   11.73    -96.0 
2021  6 26 21 18 11   46.54   12.37     40.0 
2021  6 26 21 18 33   47.06   13.63     88.0 
2021  6 26 21 18 42   46.39   11.75    -12.0 
2021  6 26 21 18 48   46.39   11.69     15.0 
2021  6 26 21 19 24   46.88   13.75     32.0 
2021  6 26 21 19 26   46.54   12.37     45.0 
2021  6 26 21 19 43   47.32   13.67    -21.0 
2021  6 26 21 19 43   47.33   13.69    -26.0 
2021  6 26 21 19 45   47.35   13.75    -43.0 
2021  6 26 21 19 45   47.01   13.53     23.0 
2021  6 26 21 19 45   47.05   13.53     17.0 
2021  6 26 21 19 46   47.08   13.54    -34.0 
2021  6 26 21 19 46   47.06   13.56    -20.0 
2021  6 26 21 19 46   47.08   13.56    -14.0 
2021  6 26 21 19 46   47.06   13.53    -21.0 
2021  6 26 21 19 46   47.09   13.55    -11.0 
2021  6 26 21 19 50   47.05   14.16    -15.0 
2021  6 26 21 19 55   47.06   13.57     -8.0 
2021  6 26 21 19 58   47.01   13.61      2.0 
2021  6 26 21 20 32   46.35   11.76    -10.0 
2021  6 26 21 20 58   47.06   13.64     26.0 
2021  6 26 21 20 58   47.04   13.62     31.0 
2021  6 26 21 21 27   46.54   11.35   -122.0 
2021  6 26 21 21 29   46.51   12.36    -15.0 
2021  6 26 21 21 35   46.41   11.75    -57.0 
2021  6 26 21 21 35   46.38   11.76     -7.0 
2021  6 26 21 21 58   46.58   12.59    134.0 
2021  6 26 21 22  8   46.99   14.16    -33.0 
2021  6 26 21 22 19   46.97   13.53   -323.0 
2021  6 26 21 22 19   46.97   13.49    -82.0 
2021  6 26 21 22 19   46.98   13.55    -13.0 
2021  6 26 21 22 20   47.04   13.48    -27.0 
2021  6 26 21 22 20   46.96   13.49    -19.0 
2021  6 26 21 22 20   46.97   13.54     -9.0 
2021  6 26 21 22 20   46.98   13.56    -14.0 
2021  6 26 21 22 27   46.40   11.77     -9.0 
2021  6 26 21 22 27   46.65   12.53     21.0 
2021  6 26 21 22 52   46.97   13.54    -20.0 
2021  6 26 21 23 25   47.02   14.15     58.0 
2021  6 26 21 24 12   46.60   12.58    -20.0 
2021  6 26 21 24 12   46.61   12.56      7.0 
2021  6 26 21 24 38   46.96   13.51      7.0 
2021  6 26 21 24 49   46.40   11.74      2.0 
2021  6 26 21 24 54   46.99   14.18    -15.0 
2021  6 26 21 25 26   46.63   12.59    106.0 
2021  6 26 21 25 26   46.61   12.59    -13.0 
2021  6 26 21 25 33   47.05   14.19    -13.0 
2021  6 26 21 25 34   47.00   14.15     -9.0 
2021  6 26 21 26 18   46.58   12.60     16.0 
2021  6 26 21 26 59   47.03   14.12    -28.0 
2021  6 26 21 27 41   46.85   13.74    -29.0 
2021  6 26 21 28  9   47.02   14.14     23.0 
2021  6 26 21 28  9   46.99   14.11     11.0 
2021  6 26 21 28 20   47.40   13.66    -80.0 
2021  6 26 21 28 21   47.00   13.49     90.0 
2021  6 26 21 30  9   47.29   13.74    -91.0 
2021  6 26 21 30 26   46.69   12.77     49.0 
2021  6 26 21 32 15   47.31   13.74    -97.0 
2021  6 26 21 32 15   47.32   13.73    -26.0 
2021  6 26 21 32 34   46.62   12.72    126.0 
2021  6 26 21 32 35   46.69   12.76    -15.0 
2021  6 26 21 32 35   46.70   12.80    -19.0 
2021  6 26 21 33 34   47.35   13.95    -20.0 
2021  6 26 21 35 35   46.93   14.18   -176.0 
2021  6 26 21 35 35   46.99   14.12    -75.0 
2021  6 26 21 35 35   46.97   14.10    -53.0 
2021  6 26 21 35 35   47.00   14.13    -53.0 
2021  6 26 21 35 35   47.01   14.14    -20.0 
2021  6 26 21 35 40   47.29   13.98    -34.0 
2021  6 26 21 36  9   46.98   14.18     38.0 
2021  6 26 21 36 15   47.36   13.76    -18.0 
2021  6 26 21 36 15   47.33   13.74    -29.0 
2021  6 26 21 36 49   47.03   14.17     17.0 
2021  6 26 21 36 49   47.01   14.14     12.0 
2021  6 26 21 37  3   46.98   14.12    -18.0 
2021  6 26 21 37 41   46.95   14.08     18.0 
2021  6 26 21 38 28   47.04   14.20     20.0 
2021  6 26 21 39  7   47.03   14.21     38.0 
2021  6 26 21 39 37   47.00   14.17    -18.0 
2021  6 26 21 39 46   46.93   13.57     96.0 
2021  6 26 21 40  5   47.00   14.13    -18.0 
2021  6 26 21 40 44   47.29   13.72   -150.0 
2021  6 26 21 40 44   47.32   13.73    -25.0 
2021  6 26 21 41 20   46.95   14.15     40.0 
2021  6 26 21 41 21   46.94   14.19    -22.0 
2021  6 26 21 41 25   46.67   12.90    111.0 
2021  6 26 21 42 30   47.31   13.94    -46.0 
2021  6 26 21 43 21   47.30   13.74    -18.0 
2021  6 26 21 43 28   46.86   13.84     26.0 
2021  6 26 21 43 43   47.02   14.20     18.0 
2021  6 26 21 43 58   46.51   12.64    -44.0 
2021  6 26 21 44 30   46.50   12.57     70.0 
2021  6 26 21 45  2   46.48   12.56     39.0 
2021  6 26 21 45  2   46.55   12.59    -11.0 
2021  6 26 21 45  3   46.51   12.58    -15.0 
2021  6 26 21 45  9   46.96   13.81     99.0 
2021  6 26 21 45 42   47.02   15.56    -30.0 
2021  6 26 21 45 54   46.49   12.60     26.0 
2021  6 26 21 45 55   46.53   12.59     16.0 
2021  6 26 21 46 11   47.00   14.26    -39.0 
2021  6 26 21 46 37   47.02   14.20     24.0 
2021  6 26 21 47  3   46.48   12.51    -29.0 
2021  6 26 21 47 51   46.51   12.53     32.0 
2021  6 26 21 48  3   46.77   13.86     72.0 
2021  6 26 21 48 32   46.47   12.52     40.0 
2021  6 26 21 48 56   47.31   13.91    -34.0 
2021  6 26 21 49 51   47.00   14.18    -73.0 
2021  6 26 21 49 52   47.01   14.17    -17.0 
2021  6 26 21 49 58   47.28   13.80    108.0 
2021  6 26 21 50  6   47.00   13.68    -62.0 
2021  6 26 21 50 30   46.36   11.58    -87.0 
2021  6 26 21 50 35   47.01   14.26    -16.0 
2021  6 26 21 50 35   46.99   14.24    -23.0 
2021  6 26 21 50 35   46.99   14.23    -50.0 
2021  6 26 21 50 35   46.97   14.22    -20.0 
2021  6 26 21 51 30   47.00   14.22    -18.0 
2021  6 26 21 51 44   46.90   13.73    -81.0 
2021  6 26 21 52 29   47.30   13.83    -14.0 
2021  6 26 21 53 21   46.94   14.13    -38.0 
2021  6 26 21 54 40   46.95   13.88     33.0 
2021  6 26 21 55 28   46.39   12.65     98.0 
2021  6 26 21 55 29   47.27   13.98     45.0 
2021  6 26 21 55 37   47.00   14.20     44.0 
2021  6 26 21 55 37   46.98   14.18    -37.0 
2021  6 26 21 55 37   46.99   14.18    -30.0 
2021  6 26 21 56 45   46.94   13.91     47.0 
2021  6 26 21 57 46   46.94   13.86     41.0 
2021  6 26 21 57 51   46.99   14.16    -37.0 
2021  6 26 21 57 51   47.02   14.20    -15.0 
2021  6 26 21 57 51   47.03   14.20    -19.0 
2021  6 26 21 57 52   47.01   14.16    -12.0 
2021  6 26 21 57 52   46.98   14.14    -16.0 
2021  6 26 21 59  4   47.34   13.93     41.0 
2021  6 26 21 59 31   46.84   13.88     50.0 
2021  6 26 22  2  8   47.32   13.94    -19.0 
2021  6 26 22  7 39   46.89   14.02    -46.0 
2021  6 26 22 10  9   46.95   14.29     55.0 
2021  6 26 22 11 23   47.06   14.04    -40.0 
2021  6 26 22 11 35   46.50   12.87     88.0 
2021  6 26 22 11 57   46.47   12.91    -68.0 
2021  6 26 22 13  0   46.51   12.89    -12.0 
2021  6 26 22 15 10   46.50   12.94    -79.0 
2021  6 26 22 16  1   46.78   14.03     47.0 
2021  6 26 22 16 58   46.80   14.05     28.0 
2021  6 26 22 17 49   46.82   14.36    149.0 
2021  6 26 22 18 20   46.87   14.31     40.0 
2021  6 26 22 18 41   46.88   14.39    -19.0 
2021  6 26 22 19  0   46.89   14.26     25.0 
2021  6 26 22 20 32   46.53   12.89    -43.0 
2021  6 26 22 21 41   46.89   14.33    -17.0 
2021  6 26 22 21 52   46.85   14.29     45.0 
2021  6 26 22 22 42   46.89   14.33    -19.0 
2021  6 26 22 23  2   46.81   14.40     70.0 
2021  6 26 22 23 46   46.85   14.35    -50.0 
2021  6 26 22 23 46   46.82   14.38    -59.0 
2021  6 26 22 23 46   46.86   14.34    -55.0 
2021  6 26 22 23 46   46.83   14.37    -16.0 
2021  6 26 22 24 11   46.90   14.38     49.0 
2021  6 26 22 24 24   46.54   12.90     -4.0 
2021  6 26 22 24 24   46.55   12.95    -30.0 
2021  6 26 22 24 25   46.55   12.95    -10.0 
2021  6 26 22 24 54   46.55   13.01    -83.0 
2021  6 26 22 25  3   46.88   14.38     57.0 
2021  6 26 22 25  3   46.85   14.40    -21.0 
2021  6 26 22 25 52   46.57   13.00     11.0 
2021  6 26 22 26  8   46.90   14.40     14.0 
2021  6 26 22 26 35   46.58   13.08     24.0 
2021  6 26 22 26 39   46.85   14.34    -41.0 
2021  6 26 22 27  0   46.78   14.04     40.0 
2021  6 26 22 27 30   47.57   14.42    -59.0 
2021  6 26 22 27 35   47.37   14.20    -94.0 
2021  6 26 22 28 50   46.85   14.32    -12.0 
2021  6 26 22 30 15   47.44   14.20   -104.0 
2021  6 26 22 30 58   46.77   14.07     36.0 
2021  6 26 22 31 33   47.45   14.24    -24.0 
2021  6 26 22 31 48   46.76   14.13     36.0 
2021  6 26 22 33 12   47.42   14.24   -150.0 
2021  6 26 22 33 12   47.43   14.23    -49.0 
2021  6 26 22 33 13   47.46   14.20    -13.0 
2021  6 26 22 34 15   46.78   14.06     18.0 
2021  6 26 22 34 56   47.41   14.18    -12.0 
2021  6 26 22 34 56   47.41   14.22    -18.0 
2021  6 26 22 35  2   46.59   13.08    -29.0 
2021  6 26 22 36 47   46.58   13.07    -12.0 
2021  6 26 22 36 52   47.40   14.21   -351.0 
2021  6 26 22 37 37   47.45   14.24    -16.0 
2021  6 26 22 37 37   47.46   14.24    -24.0 
2021  6 26 22 37 37   47.37   14.23    -23.0 
2021  6 26 22 37 37   47.45   14.24    -23.0 
2021  6 26 22 37 38   47.46   14.25    -17.0 
2021  6 26 22 37 43   46.34   11.75     98.0 
2021  6 26 22 38 45   47.45   14.20    -55.0 
2021  6 26 22 39  4   46.86   14.36     44.0 
2021  6 26 22 39 39   46.62   13.06    -18.0 
2021  6 26 22 42  0   47.44   14.30    -29.0 
2021  6 26 22 42  0   47.41   14.28    -23.0 
2021  6 26 22 42  0   47.43   14.32    -19.0 
2021  6 26 22 42 30   47.42   14.33    -19.0 
2021  6 26 22 43  7   46.90   14.39     32.0 
2021  6 26 22 43 45   46.86   14.37    -50.0 
2021  6 26 22 43 45   46.92   14.40    -18.0 
2021  6 26 22 43 45   46.89   14.38    -18.0 
2021  6 26 22 43 45   46.93   14.38    -27.0 
2021  6 26 22 43 46   46.93   14.40    -18.0 
2021  6 26 22 44 11   46.78   14.27    -31.0 
2021  6 26 22 44 21   47.44   14.30    -27.0 
2021  6 26 22 44 37   46.56   13.08     41.0 
2021  6 26 22 47 23   47.42   14.29     21.0 
2021  6 26 22 49 11   46.76   14.22     18.0 
2021  6 26 22 50 32   46.82   14.26    -19.0 
2021  6 26 22 50 33   46.80   14.24    -56.0 
2021  6 26 22 50 45   47.36   14.25    -36.0 
2021  6 26 22 51 29   46.62   13.23     68.0 
2021  6 26 22 51 33   47.45   14.41    -89.0 
2021  6 26 22 52 47   46.51   13.09   -155.0 
2021  6 26 22 54 48   47.33   14.25    -81.0 
2021  6 26 22 54 57   46.83   14.35    -95.0 
2021  6 26 22 54 57   46.90   14.35    -28.0 
2021  6 26 22 54 57   46.90   14.36    -41.0 
2021  6 26 22 54 57   46.89   14.36    -14.0 
2021  6 26 22 56 20   47.41   14.33     38.0 
2021  6 26 22 56 22   46.92   14.35     24.0 
2021  6 26 22 56 28   46.85   14.33    -23.0 
2021  6 26 22 56 28   46.84   14.33    -17.0 
2021  6 26 22 57 17   46.87   14.35     35.0 
2021  6 26 22 57 24   47.36   14.30   -114.0 
2021  6 26 22 58 39   46.52   13.22    -17.0 
2021  6 26 22 58 39   46.50   13.22    -21.0 
2021  6 26 22 58 39   46.49   13.21    -33.0 
2021  6 26 22 58 39   46.52   13.22     -8.0 
2021  6 26 22 58 39   46.51   13.22    -11.0 
2021  6 26 23  0 12   47.44   14.38    -33.0 
2021  6 26 23  0 13   47.48   14.40    -17.0 
2021  6 26 23  0 13   47.46   14.41    -15.0 
2021  6 26 23  0 13   47.45   14.38    -19.0 
2021  6 26 23  0 13   47.43   14.37    -31.0 
2021  6 26 23  0 13   47.45   14.38    -31.0 
2021  6 26 23  0 13   47.46   14.39    -17.0 
2021  6 26 23  0 53   46.76   14.35    -52.0 
2021  6 26 23  0 53   46.77   14.34    -35.0 
2021  6 26 23  2 19   47.43   14.36    -10.0 
2021  6 26 23  3 14   46.75   14.31     33.0 
2021  6 26 23  3 41   46.75   14.35     35.0 
2021  6 26 23  4 25   47.46   14.43    -43.0 
2021  6 26 23  4 25   47.47   14.45    -17.0 
2021  6 26 23  4 25   47.49   14.46    -18.0 
2021  6 26 23  4 55   46.78   14.37    -18.0 
2021  6 26 23  4 57   47.48   14.44    -25.0 
2021  6 26 23  4 57   47.48   14.43    -14.0 
2021  6 26 23  5 13   46.69   14.30    -58.0 
2021  6 26 23  5 30   46.78   14.37    -21.0 
2021  6 26 23  5 30   46.78   14.38    -24.0 
2021  6 26 23  5 33   47.47   14.43    -30.0 
2021  6 26 23  5 33   47.47   14.44    -15.0 
2021  6 26 23  6  4   47.50   14.45    -21.0 
2021  6 26 23  6  4   47.51   14.45    -19.0 
2021  6 26 23  6  4   47.49   14.47    -19.0 
2021  6 26 23  6 13   46.75   14.33    -15.0 
2021  6 26 23  6 13   46.80   14.38    -16.0 
2021  6 26 23  6 45   46.75   14.43    -17.0 
2021  6 26 23  6 45   46.76   14.44    -24.0 
2021  6 26 23  6 46   46.78   14.45    -18.0 
2021  6 26 23  7  5   46.67   14.42    -56.0 
2021  6 26 23  7  5   46.78   14.40    -15.0 
2021  6 26 23  7  5   46.79   14.39    -17.0 
2021  6 26 23  7  6   46.80   14.39    -21.0 
2021  6 26 23  7 14   47.47   14.42    -10.0 
2021  6 26 23  7 24   46.70   14.31    -37.0 
2021  6 26 23  7 48   46.81   14.37    -15.0 
2021  6 26 23  7 48   46.78   14.39    -15.0 
2021  6 26 23  8 24   46.77   14.32    -24.0 
2021  6 26 23  8 49   46.48   13.17    225.0 
2021  6 26 23  8 50   47.47   14.42    -35.0 
2021  6 26 23  9  4   46.76   14.45    -15.0 
2021  6 26 23  9 12   46.74   14.45    -15.0 
2021  6 26 23  9 41   46.77   14.36     18.0 
2021  6 26 23 10 19   47.39   14.37   -127.0 
2021  6 26 23 10 19   47.51   14.44    -19.0 
2021  6 26 23 10 19   47.52   14.43    -11.0 
2021  6 26 23 10 19   46.77   14.36    -15.0 
2021  6 26 23 10 20   47.47   14.42    -25.0 
2021  6 26 23 10 23   46.79   14.44     12.0 
2021  6 26 23 10 55   46.79   14.44    -13.0 
2021  6 26 23 11 17   47.45   14.39      9.0 
2021  6 26 23 11 55   46.80   14.43     14.0 
2021  6 26 23 12 21   46.76   14.44    -16.0 
2021  6 26 23 12 21   46.77   14.39    -20.0 
2021  6 26 23 12 52   47.47   14.41    -17.0 
2021  6 26 23 12 59   46.78   14.41      8.0 
2021  6 26 23 13 16   46.77   14.47    -18.0 
2021  6 26 23 13 17   46.75   14.47    -28.0 
2021  6 26 23 13 52   46.81   14.46    -60.0 
2021  6 26 23 14  0   46.76   14.40     21.0 
2021  6 26 23 14 27   46.84   14.38     31.0 
2021  6 26 23 15 23   46.75   14.43    -15.0 
2021  6 26 23 15 23   46.80   14.46    -19.0 
2021  6 26 23 15 30   47.54   14.46    -34.0 
2021  6 26 23 15 30   47.55   14.47    -22.0 
2021  6 26 23 15 52   46.78   14.42     45.0 
2021  6 26 23 15 52   46.76   14.41     18.0 
2021  6 26 23 16 11   46.78   14.42     10.0 
2021  6 26 23 16 11   46.81   14.47      9.0 
2021  6 26 23 16 34   46.88   14.38    -32.0 
2021  6 26 23 16 40   46.72   14.52    -18.0 
2021  6 26 23 16 58   46.78   14.43     26.0 
2021  6 26 23 17 20   46.73   14.38    -17.0 
2021  6 26 23 17 40   46.75   14.52    -17.0 
2021  6 26 23 17 40   46.77   14.53     11.0 
2021  6 26 23 17 40   46.77   14.52    -21.0 
2021  6 26 23 17 40   46.70   14.49    -43.0 
2021  6 26 23 17 41   46.75   14.50    -19.0 
2021  6 26 23 17 41   46.69   14.48    -43.0 
2021  6 26 23 17 41   46.74   14.48    -16.0 
2021  6 26 23 17 41   46.74   14.49    -20.0 
2021  6 26 23 17 41   46.74   14.49    -24.0 
2021  6 26 23 17 41   46.74   14.50     -9.0 
2021  6 26 23 17 41   46.77   14.51    -12.0 
2021  6 26 23 17 55   46.84   14.45     56.0 
2021  6 26 23 18 23   46.77   14.39    -17.0 
2021  6 26 23 18 39   47.51   14.42    -25.0 
2021  6 26 23 18 39   47.50   14.42    -20.0 
2021  6 26 23 18 39   47.51   14.42    -16.0 
2021  6 26 23 18 43   46.77   14.53     15.0 
2021  6 26 23 19  9   46.77   14.50    -11.0 
2021  6 26 23 19 10   46.77   14.52    -20.0 
2021  6 26 23 19 27   46.71   14.50     12.0 
2021  6 26 23 19 41   47.52   14.44     57.0 
2021  6 26 23 20  2   46.73   14.46    -59.0 
2021  6 26 23 20  2   46.79   14.46    -53.0 
2021  6 26 23 20  2   46.77   14.45    -32.0 
2021  6 26 23 20  2   46.77   14.46    -23.0 
2021  6 26 23 20  3   46.72   14.38    -24.0 
2021  6 26 23 20  3   46.80   14.46    -20.0 
2021  6 26 23 20  3   46.73   14.46     12.0 
2021  6 26 23 20 25   47.42   14.31    -26.0 
2021  6 26 23 20 26   46.70   14.54     16.0 
2021  6 26 23 20 56   46.78   14.47    -26.0 
2021  6 26 23 20 56   46.78   14.49    -23.0 
2021  6 26 23 20 56   46.74   14.49    -37.0 
2021  6 26 23 20 56   46.71   14.46    -23.0 
2021  6 26 23 21 31   46.81   14.44    -82.0 
2021  6 26 23 21 31   46.82   14.44    -55.0 
2021  6 26 23 21 31   46.84   14.46    -15.0 
2021  6 26 23 21 54   46.76   14.48    -16.0 
2021  6 26 23 22  1   46.72   14.41    -26.0 
2021  6 26 23 22  2   46.81   14.46    -19.0 
2021  6 26 23 22 25   46.62   14.31    -31.0 
2021  6 26 23 22 26   46.74   14.47     16.0 
2021  6 26 23 22 41   46.75   14.48     20.0 
2021  6 26 23 22 43   47.47   14.48    -57.0 
2021  6 26 23 22 43   47.44   14.46    -36.0 
2021  6 26 23 22 43   47.50   14.47    -10.0 
2021  6 26 23 22 51   46.83   14.43    -12.0 
2021  6 26 23 22 51   46.80   14.40    -16.0 
2021  6 26 23 22 57   46.76   14.50     14.0 
2021  6 26 23 23 26   46.78   14.49     -5.0 
2021  6 26 23 23 26   46.84   14.40    -57.0 
2021  6 26 23 24  8   46.71   14.52    -17.0 
2021  6 26 23 24  9   46.70   14.54    -11.0 
2021  6 26 23 24 16   46.69   14.51    -14.0 
2021  6 26 23 24 17   46.73   14.56    -36.0 
2021  6 26 23 24 39   46.70   14.45    -16.0 
2021  6 26 23 24 39   46.78   14.45    -31.0 
2021  6 26 23 25  9   46.75   14.52    -72.0 
2021  6 26 23 25  9   46.67   14.36    -23.0 
2021  6 26 23 25 10   46.76   14.44     17.0 
2021  6 26 23 25 26   46.80   14.56     11.0 
2021  6 26 23 25 34   46.74   14.57    -14.0 
2021  6 26 23 26  1   46.79   14.30    -36.0 
2021  6 26 23 26  1   46.77   14.38     -3.0 
2021  6 26 23 26  1   46.79   14.38     11.0 
2021  6 26 23 26  2   46.86   14.20    -81.0 
2021  6 26 23 26 14   46.76   14.57    -17.0 
2021  6 26 23 27 12   46.77   14.44    -41.0 
2021  6 26 23 28 13   46.74   14.57    -33.0 
2021  6 26 23 28 19   46.69   14.52    -14.0 
2021  6 26 23 28 20   46.72   14.56     11.0 
2021  6 26 23 28 22   46.72   14.51    -45.0 
2021  6 26 23 28 28   46.82   14.33    -31.0 
2021  6 26 23 28 28   46.84   14.34    -17.0 
2021  6 26 23 28 28   46.87   14.31    -80.0 
2021  6 26 23 28 29   46.88   14.32    -12.0 
2021  6 26 23 28 29   46.86   14.31    -19.0 
2021  6 26 23 28 53   46.72   14.56     19.0 
2021  6 26 23 28 54   46.84   14.56    -26.0 
2021  6 26 23 29 13   46.86   14.42     11.0 
2021  6 26 23 29 14   46.86   14.43    -25.0 
2021  6 26 23 29 14   46.86   14.40    -16.0 
2021  6 26 23 30 20   47.28   14.56    551.0 
2021  6 26 23 30 20   47.30   14.59   -123.0 
2021  6 26 23 30 20   47.34   14.63    -21.0 
2021  6 26 23 30 20   47.27   14.60    -32.0 
2021  6 26 23 30 20   47.34   14.64    -19.0 
2021  6 26 23 30 24   46.75   14.40    -17.0 
2021  6 26 23 30 49   46.76   14.52    -21.0 
2021  6 26 23 31 37   46.74   14.50    -78.0 
2021  6 26 23 31 37   46.75   14.50    -51.0 
2021  6 26 23 31 37   46.77   14.52    -17.0 
2021  6 26 23 31 58   46.74   14.52      7.0 
2021  6 26 23 31 58   46.66   14.52    -26.0 
2021  6 26 23 32 42   46.71   14.47     13.0 
2021  6 26 23 32 42   46.77   14.50    -10.0 
2021  6 26 23 32 54   47.31   14.61     31.0 
2021  6 26 23 33 18   46.68   14.51    -34.0 
2021  6 26 23 33 18   46.70   14.52    -18.0 
2021  6 26 23 33 18   46.74   14.57    -19.0 
2021  6 26 23 34 18   46.73   14.55    -55.0 
2021  6 26 23 34 19   46.72   14.56    -47.0 
2021  6 26 23 34 19   46.79   14.61    -13.0 
2021  6 26 23 34 23   47.29   14.55     34.0 
2021  6 26 23 34 51   46.67   14.62    -37.0 
2021  6 26 23 34 52   46.83   14.42    -73.0 
2021  6 26 23 34 52   46.86   14.47    -24.0 
2021  6 26 23 34 53   46.86   14.27    -46.0 
2021  6 26 23 37 35   46.74   14.67    -15.0 
2021  6 26 23 38 24   46.67   14.59    -17.0 
2021  6 26 23 42 39   46.81   14.48     80.0 
2021  6 26 23 42 39   46.84   14.51     13.0 
2021  6 26 23 42 40   46.93   14.58   -173.0 
2021  6 26 23 42 40   46.95   14.59    -49.0 
2021  6 26 23 42 40   46.96   14.60    -20.0 
2021  6 26 23 43 14   46.88   14.62    -24.0 
2021  6 26 23 43 14   46.88   14.63    -12.0 
2021  6 26 23 44  8   46.82   14.53     46.0 
2021  6 26 23 44  8   46.77   14.45    -46.0 
2021  6 26 23 44  8   46.81   14.46    -12.0 
2021  6 26 23 44  8   46.81   14.46    -21.0 
2021  6 26 23 44  9   46.82   14.45    -18.0 
2021  6 26 23 44 26   47.33   14.63     51.0 
2021  6 26 23 44 58   46.89   14.57      8.0 
2021  6 26 23 45 44   46.84   14.59    -43.0 
2021  6 26 23 45 44   46.87   14.60    -14.0 
2021  6 26 23 45 44   46.88   14.58    -16.0 
2021  6 26 23 48  6   46.93   14.65     18.0 
2021  6 26 23 48  7   46.89   14.67    -28.0 
2021  6 26 23 48  7   46.89   14.64    -40.0 
2021  6 26 23 48  7   46.91   14.69    -29.0 
2021  6 26 23 48  7   46.93   14.69     -8.0 
2021  6 26 23 49  7   46.90   14.63     17.0 
2021  6 26 23 49 54   46.89   14.48    -35.0 
2021  6 26 23 49 54   46.91   14.48    -13.0 
2021  6 26 23 51  8   46.88   14.61      6.0 
2021  6 26 23 51  9   46.91   14.66    -19.0 
2021  6 26 23 51  9   46.99   14.64     17.0 
2021  6 26 23 51 10   46.92   14.61    -24.0 
2021  6 26 23 51 10   46.96   14.59    -19.0 
2021  6 26 23 52 31   46.92   14.65     17.0 
2021  6 26 23 52 31   46.88   14.63     10.0 
2021  6 26 23 54 21   46.84   14.57    -14.0 
2021  6 26 23 54 21   46.90   14.61    -14.0 
2021  6 26 23 54 21   46.86   14.53     41.0 
