2021  6 25  0  2  5   49.30   12.28    -85.0 
2021  6 25  0  5 14   49.34   12.92    -39.0 
2021  6 25  0 15 45   49.23   12.82    -80.0 
2021  6 25  0 17 37   49.22   12.80    -35.0 
2021  6 25  0 22 54   49.32   12.98     62.0 
2021  6 25  0 58 59   49.73   14.16    -27.0 
2021  6 25  0 59  0   49.73   14.18    -26.0 
2021  6 25  1  1 19   49.69   14.13    -25.0 
2021  6 25  1  5  0   49.70   13.76    -60.0 
2021  6 25  1 11 16   49.72   14.16    -43.0 
2021  6 25  1 11 16   49.73   14.14    -23.0 
2021  6 25  1 11 16   49.75   14.14    -25.0 
2021  6 25  1 11 16   49.73   14.20    -18.0 
2021  6 25  1 14 27   49.72   14.13     54.0 
2021  6 25  1 16 17   49.71   14.14    -53.0 
2021  6 25  1 16 17   49.68   14.10    -18.0 
2021  6 25  1 16 17   49.72   14.16    -22.0 
2021  6 25  1 19 44   49.70   14.17    -74.0 
2021  6 25  1 19 44   49.73   14.15    -13.0 
2021  6 25  1 20 45   49.74   14.17     42.0 
2021  6 25  1 20 45   49.68   14.16    -20.0 
2021  6 25  1 23  4   49.74   14.16     20.0 
2021  6 25  1 24 38   49.74   14.13    -26.0 
2021  6 25  1 24 38   49.73   14.16     -7.0 
2021  6 25  1 25 37   49.74   14.11     27.0 
2021  6 25  1 25 37   49.75   14.12      5.0 
2021  6 25  1 31 18   49.74   13.84    -42.0 
2021  6 25  1 31 18   49.76   13.82    -31.0 
2021  6 25  1 31 18   49.72   13.87    -13.0 
2021  6 25  1 34 20   49.78   14.10    -20.0 
2021  6 25  1 40 18   49.75   14.12    -52.0 
2021  6 25  1 40 18   49.76   14.12    -31.0 
2021  6 25  1 40 18   49.75   14.11    -22.0 
2021  6 25  1 40 18   49.74   14.07    -11.0 
2021  6 25  1 42 19   49.74   14.09    -15.0 
2021  6 25  1 42 19   49.76   14.13     -9.0 
2021  6 25  2  3 52   49.73   13.26    -33.0 
2021  6 25  3  9 52   49.68   13.77    -77.0 
2021  6 25  3  9 52   49.66   13.74    -19.0 
2021  6 25  3  9 52   49.67   13.76    -31.0 
2021  6 25  3 20 16   49.75   13.68    -47.0 
2021  6 25  3 20 16   49.74   13.70    -26.0 
2021  6 25  3 22 40   49.73   13.67     -2.0 
2021  6 25  3 27  4   49.90   13.62     70.0 
2021  6 25  3 36 39   49.87   13.53    -55.0 
2021  6 25  3 42 25   49.90   13.69   -160.0 
2021  6 25  3 42 25   49.90   13.69    -21.0 
2021  6 25  3 42 25   49.91   13.70     -6.0 
2021  6 25  3 42 25   49.89   13.67    -10.0 
2021  6 25  3 44 38   49.92   13.70   -148.0 
2021  6 25  3 44 38   49.90   13.70     34.0 
2021  6 25  3 46 24   49.66   14.10    -30.0 
2021  6 25  3 51  6   49.96   13.81     34.0 
2021  6 25  3 55 39   49.96   13.79     44.0 
2021  6 25  3 55 39   49.98   13.78    -12.0 
2021  6 25  3 55 39   49.96   13.77     -3.0 
2021  6 25  4 24 46   50.06   13.83    -46.0 
2021  6 25  4 24 46   50.04   13.96    229.0 
2021  6 25  4 27 26   50.07   13.98    108.0 
2021  6 25  4 32 23   50.05   13.98    -42.0 
2021  6 25  4 32 23   50.08   13.91      5.0 
2021  6 25  4 32 23   50.06   13.92     14.0 
2021  6 25  4 32 23   50.05   13.99     70.0 
2021  6 25  5 40 18   49.81   15.19   -113.0 
2021  6 25  5 40 18   49.81   15.13    -16.0 
2021  6 25  5 40 18   49.82   15.16    -21.0 
2021  6 25  5 40 18   49.80   15.16    -22.0 
2021  6 25  6 27 18   49.99   15.74    -82.0 
2021  6 25  6 27 18   50.00   15.72    -20.0 
2021  6 25  6 43 13   50.42   15.74    -72.0 
2021  6 25  6 45  3   50.42   15.72    -62.0 
2021  6 25  6 45  3   50.43   15.73   -119.0 
2021  6 25  6 51 53   50.09   15.91    -66.0 
2021  6 25  6 55 15   50.46   15.77    -72.0 
2021  6 25  6 59 16   50.18   15.81    -36.0 
2021  6 25  7  1 39   50.45   15.77    -27.0 
2021  6 25  7 10 14   50.49   15.84   -107.0 
2021  6 25  7 10 40   50.24   15.85    -24.0 
2021  6 25  7 11 43   50.45   15.85    -34.0 
2021  6 25  7 11 43   50.45   15.83    -22.0 
2021  6 25  7 13 24   50.51   15.85   -123.0 
2021  6 25  7 13 24   50.53   15.84    -33.0 
2021  6 25  7 17  5   50.29   15.85    -20.0 
2021  6 25  7 17  5   50.28   15.85    -19.0 
2021  6 25  7 17  5   50.28   15.86    -32.0 
2021  6 25  7 18 43   50.50   15.84     44.0 
2021  6 25  7 22  6   50.42   15.84    -38.0 
2021  6 25  7 22  6   50.41   15.80    -18.0 
2021  6 25  7 22  6   50.39   15.84    -18.0 
2021  6 25  7 22  7   50.44   15.80    -15.0 
2021  6 25  7 22  7   50.44   15.84     -2.0 
2021  6 25  7 22  7   50.58   15.89    -48.0 
2021  6 25  7 22  7   50.58   15.88    -31.0 
2021  6 25  7 23 45   50.44   15.84    -15.0 
2021  6 25  7 25 55   50.42   15.84    -30.0 
2021  6 25  7 26 51   50.56   15.84    -66.0 
2021  6 25  7 26 51   50.41   15.85    -31.0 
2021  6 25  7 29 50   50.55   15.81    -44.0 
2021  6 25  7 29 51   50.53   15.83    -26.0 
2021  6 25  7 31 52   50.52   15.88    -46.0 
2021  6 25  7 31 53   50.56   15.83    -16.0 
2021  6 25  7 32 39   50.47   15.88    -43.0 
2021  6 25  7 32 39   50.53   15.80    -13.0 
2021  6 25  7 32 39   50.47   15.89    -16.0 
2021  6 25  7 35 33   50.47   15.89   -182.0 
2021  6 25  7 36 35   50.49   15.89    -65.0 
2021  6 25  7 36 36   50.50   15.83    -29.0 
2021  6 25  7 36 36   50.63   15.76    -68.0 
2021  6 25  7 36 36   50.63   15.75    -46.0 
2021  6 25  7 36 36   50.63   15.76    -31.0 
2021  6 25  7 38 47   50.59   15.78    -16.0 
2021  6 25  7 38 47   50.60   15.73    -17.0 
2021  6 25  7 38 47   50.49   15.85    -14.0 
2021  6 25  7 38 48   50.59   15.76     -6.0 
2021  6 25  7 53  5   50.51   15.99    -32.0 
2021  6 25  7 53 39   50.51   15.98    -34.0 
2021  6 25  7 53 39   50.50   15.94    -18.0 
2021  6 25  7 53 39   50.51   15.98    -48.0 
2021  6 25  7 53 39   50.51   15.98    -26.0 
2021  6 25  7 53 39   50.49   15.94     -7.0 
2021  6 25  7 54 16   50.53   15.98    -25.0 
2021  6 25  7 54 16   50.52   15.99    -28.0 
2021  6 25  7 54 16   50.52   15.99    -20.0 
2021  6 25  7 54 16   50.51   16.00    -38.0 
2021  6 25  7 55 21   50.52   15.99    -28.0 
2021  6 25  7 55 45   50.54   15.93    -21.0 
2021  6 25  7 55 45   50.48   15.90     12.0 
2021  6 25  7 56 38   50.55   15.98    -55.0 
2021  6 25  7 56 38   50.53   15.97     -4.0 
2021  6 25  7 56 38   50.53   15.95    -17.0 
2021  6 25  8  0  7   50.55   15.95    -22.0 
2021  6 25  8  0  8   50.51   15.90     -2.0 
2021  6 25  8  4 34   50.54   15.98    -20.0 
2021  6 25  9 36  5   47.21   15.47    175.0 
2021  6 25  9 43 30   47.32   15.61    -26.0 
2021  6 25  9 50 57   47.33   15.71    -20.0 
2021  6 25 10 37 43   49.69   13.34     54.0 
2021  6 25 10 40  5   47.05   15.07     70.0 
2021  6 25 10 52 25   47.08   15.08    -19.0 
2021  6 25 10 53 57   47.61   15.77     43.0 
2021  6 25 11 15 51   47.41   15.35     67.0 
2021  6 25 11 43 25   46.05   10.64    -32.0 
2021  6 25 11 47 28   47.29   14.97    187.0 
2021  6 25 11 50 38   47.40   15.46    135.0 
2021  6 25 12 10 44   46.91   12.33     78.0 
2021  6 25 12 13 21   47.09   15.39     90.0 
2021  6 25 12 13 22   46.95   12.32    -13.0 
2021  6 25 12 13 22   46.92   12.29     47.0 
2021  6 25 12 14 49   47.47   15.49     63.0 
2021  6 25 12 18 32   46.88   12.21    145.0 
2021  6 25 12 21 19   47.06   15.35     87.0 
2021  6 25 12 21 59   47.39   15.22    -39.0 
2021  6 25 12 22 14   47.12   15.38     79.0 
2021  6 25 12 23 29   47.11   15.39     37.0 
2021  6 25 12 25 22   47.39   15.21    -45.0 
2021  6 25 12 30 12   46.07   11.58     22.0 
2021  6 25 12 30 18   46.55   11.68   -168.0 
2021  6 25 12 33 58   46.93   12.24     20.0 
2021  6 25 12 34 36   49.33   12.17     85.0 
2021  6 25 12 35 44   46.93   12.25     20.0 
2021  6 25 12 36  5   47.11   15.54     17.0 
2021  6 25 12 36 55   47.11   15.52    -24.0 
2021  6 25 12 37 23   46.92   12.26    -13.0 
2021  6 25 12 39 12   46.06   11.51     83.0 
2021  6 25 12 39 12   46.10   11.52    -13.0 
2021  6 25 12 39 27   49.31   12.10     62.0 
2021  6 25 12 39 29   47.14   15.51    -19.0 
2021  6 25 12 39 54   47.17   15.46    -24.0 
2021  6 25 12 39 55   47.19   15.54    -24.0 
2021  6 25 12 39 55   47.19   15.49    -12.0 
2021  6 25 12 40  4   47.19   15.53    -12.0 
2021  6 25 12 40 37   47.19   15.48      7.0 
2021  6 25 12 40 38   47.17   15.47     19.0 
2021  6 25 12 40 41   47.13   15.48    -15.0 
2021  6 25 12 40 48   47.14   15.45     14.0 
2021  6 25 12 41 25   47.15   15.54     20.0 
2021  6 25 12 41 32   47.10   15.50     88.0 
2021  6 25 12 41 48   47.18   15.52    -24.0 
2021  6 25 12 42  1   46.09   11.54     76.0 
2021  6 25 12 42 19   47.08   15.47     89.0 
2021  6 25 12 42 26   47.17   15.53    -12.0 
2021  6 25 12 42 33   47.18   15.45    -22.0 
2021  6 25 12 42 36   47.14   15.47     12.0 
2021  6 25 12 42 41   47.13   15.46     14.0 
2021  6 25 12 42 45   47.17   15.55     17.0 
2021  6 25 12 42 57   47.15   15.57     16.0 
2021  6 25 12 43  5   46.89   12.26     45.0 
2021  6 25 12 43 24   47.10   15.50     40.0 
2021  6 25 12 43 34   46.10   11.54     11.0 
2021  6 25 12 43 54   47.16   15.45    -11.0 
2021  6 25 12 43 55   47.16   15.51      8.0 
2021  6 25 12 44  1   48.99   12.42     58.0 
2021  6 25 12 44  9   46.43   10.84     26.0 
2021  6 25 12 44 43   46.57   10.64   -148.0 
2021  6 25 12 45 11   47.15   15.51     68.0 
2021  6 25 12 45 28   47.21   15.46    -25.0 
2021  6 25 12 45 33   46.91   15.36    -31.0 
2021  6 25 12 46  3   47.15   15.52     82.0 
2021  6 25 12 46 30   47.13   15.48      9.0 
2021  6 25 12 46 31   46.09   11.55      7.0 
2021  6 25 12 46 43   47.19   15.51    -12.0 
2021  6 25 12 47  4   47.56   15.58    -12.0 
2021  6 25 12 47  5   47.56   15.59    111.0 
2021  6 25 12 48 38   47.14   15.53    -13.0 
2021  6 25 12 48 44   47.12   15.53    -13.0 
2021  6 25 12 49  9   47.15   15.58    -29.0 
2021  6 25 12 49  9   47.16   15.55      8.0 
2021  6 25 12 49 17   46.46   10.83    -33.0 
2021  6 25 12 50  8   47.12   15.49    -17.0 
2021  6 25 12 50  9   47.29   15.49    -32.0 
2021  6 25 12 50 27   47.14   15.61     24.0 
2021  6 25 12 51  9   47.17   15.56    -11.0 
2021  6 25 12 51 10   46.99   12.17     98.0 
2021  6 25 12 51 10   46.97   12.14     41.0 
2021  6 25 12 51 43   47.16   15.50    -13.0 
2021  6 25 12 52  4   47.15   15.59    -29.0 
2021  6 25 12 52 13   47.16   15.52    -15.0 
2021  6 25 12 52 15   48.96   12.51     37.0 
2021  6 25 12 52 29   47.14   15.52    -41.0 
2021  6 25 12 52 55   48.87   11.63     28.0 
2021  6 25 12 52 55   48.87   11.66    -26.0 
2021  6 25 12 52 55   48.90   11.67    -18.0 
2021  6 25 12 52 55   48.86   11.65    -12.0 
2021  6 25 12 52 56   48.86   11.64    -64.0 
2021  6 25 12 53 11   46.87   15.32     98.0 
2021  6 25 12 53 47   48.87   11.95   -106.0 
2021  6 25 12 54  4   46.96   12.23     87.0 
2021  6 25 12 54 13   47.17   15.54     20.0 
2021  6 25 12 54 33   47.19   15.61     19.0 
2021  6 25 12 54 39   47.30   15.55    110.0 
2021  6 25 12 54 49   48.87   11.68    -17.0 
2021  6 25 12 54 49   48.87   11.65    -13.0 
2021  6 25 12 55 41   49.32   12.20     14.0 
2021  6 25 12 55 42   49.28   12.25     67.0 
2021  6 25 12 55 42   49.31   12.19     -3.0 
2021  6 25 12 55 42   49.28   12.23    -19.0 
2021  6 25 12 55 49   46.41   10.72     83.0 
2021  6 25 12 56 11   47.30   15.48    -15.0 
2021  6 25 12 58 29   47.20   15.57    -17.0 
2021  6 25 12 58 39   46.09   11.60    -21.0 
2021  6 25 12 59 52   46.98   12.44     91.0 
2021  6 25 13  0 40   47.35   15.44     29.0 
2021  6 25 13  0 40   46.76   12.19    226.0 
2021  6 25 13  0 40   47.41   15.51    -52.0 
2021  6 25 13  0 47   47.40   15.47    -36.0 
2021  6 25 13  0 56   47.38   15.50     17.0 
2021  6 25 13  1 18   47.40   15.49    -29.0 
2021  6 25 13  2 56   47.42   15.48    -16.0 
2021  6 25 13  3  0   47.53   15.67    -28.0 
2021  6 25 13  3 33   47.40   15.51     -7.0 
2021  6 25 13  3 41   46.09   11.58    -19.0 
2021  6 25 13  4  4   47.40   15.46     18.0 
2021  6 25 13  4 15   47.36   15.51     62.0 
2021  6 25 13  5  4   47.01   12.51     31.0 
2021  6 25 13  5 33   46.15   10.50     23.0 
2021  6 25 13  5 33   46.20   10.51     93.0 
2021  6 25 13  5 51   46.64   12.05    101.0 
2021  6 25 13  6 54   47.52   15.57     34.0 
2021  6 25 13 12  5   46.02   10.63     16.0 
2021  6 25 13 12  5   46.01   10.63    -15.0 
2021  6 25 13 12 18   46.81   12.26     80.0 
2021  6 25 13 13 19   47.20   15.66    -26.0 
2021  6 25 13 15  5   46.73   12.22    -45.0 
2021  6 25 13 15 26   46.04   11.50    -31.0 
2021  6 25 13 15 50   46.98   12.44     51.0 
2021  6 25 13 16 13   47.50   15.54     24.0 
2021  6 25 13 17 20   46.97   12.44     55.0 
2021  6 25 13 17 38   47.24   15.59    -29.0 
2021  6 25 13 17 45   47.24   15.64    -19.0 
2021  6 25 13 17 51   46.80   12.30    -21.0 
2021  6 25 13 17 51   46.77   12.29     -5.0 
2021  6 25 13 17 52   47.24   15.57    -12.0 
2021  6 25 13 18 24   47.23   15.65     29.0 
2021  6 25 13 18 52   47.23   15.67     13.0 
2021  6 25 13 19 43   47.21   15.68     49.0 
2021  6 25 13 19 43   47.22   15.64     13.0 
2021  6 25 13 20 26   46.80   12.31     12.0 
2021  6 25 13 20 42   47.21   15.69    -17.0 
2021  6 25 13 21  1   49.81   14.10    -43.0 
2021  6 25 13 21 16   47.28   15.68     27.0 
2021  6 25 13 21 22   47.27   15.68     17.0 
2021  6 25 13 21 22   47.19   15.68     14.0 
2021  6 25 13 21 28   47.22   15.73    -19.0 
2021  6 25 13 21 44   47.26   15.67     14.0 
2021  6 25 13 22 21   47.21   15.67     25.0 
2021  6 25 13 22 27   47.15   15.77     50.0 
2021  6 25 13 22 29   46.97   12.43    -11.0 
2021  6 25 13 23  5   47.03   12.54     29.0 
2021  6 25 13 23  8   47.25   15.68     13.0 
2021  6 25 13 23  9   47.30   15.75     27.0 
2021  6 25 13 23 34   47.22   15.63     15.0 
2021  6 25 13 23 50   47.14   15.76    -17.0 
2021  6 25 13 23 57   47.25   15.67     24.0 
2021  6 25 13 24 19   47.27   15.60     15.0 
2021  6 25 13 25  5   46.88   12.41     44.0 
2021  6 25 13 25  5   46.88   12.41    -24.0 
2021  6 25 13 25 17   47.25   15.65     -9.0 
2021  6 25 13 25 48   49.62   12.54     17.0 
2021  6 25 13 26 25   47.26   15.86    -26.0 
2021  6 25 13 26 32   47.10   14.80     19.0 
2021  6 25 13 26 57   47.17   15.79    -19.0 
2021  6 25 13 27  1   47.20   15.73     20.0 
2021  6 25 13 27  4   47.16   15.77      8.0 
2021  6 25 13 27  4   47.19   15.70    -11.0 
2021  6 25 13 27 10   47.23   15.77    -48.0 
2021  6 25 13 27 15   46.99   12.49     44.0 
2021  6 25 13 27 21   47.24   15.80     -8.0 
2021  6 25 13 27 21   47.22   15.77    -25.0 
2021  6 25 13 27 24   49.65   12.35    -54.0 
2021  6 25 13 27 34   47.19   15.75    -12.0 
2021  6 25 13 27 44   46.52   11.58     21.0 
2021  6 25 13 28 24   47.26   15.78    -23.0 
2021  6 25 13 28 25   47.23   15.72    -21.0 
2021  6 25 13 28 31   47.18   15.73     10.0 
2021  6 25 13 28 49   47.14   15.77     54.0 
2021  6 25 13 29  0   47.23   15.82     13.0 
2021  6 25 13 29 13   46.45   11.69    -36.0 
2021  6 25 13 29 16   47.22   15.76     15.0 
2021  6 25 13 29 19   47.25   15.77     20.0 
2021  6 25 13 29 36   47.05   12.28    156.0 
2021  6 25 13 29 38   47.20   15.79    -13.0 
2021  6 25 13 29 38   47.17   15.70    -16.0 
2021  6 25 13 29 40   46.77   12.30     44.0 
2021  6 25 13 29 40   47.19   15.72    -30.0 
2021  6 25 13 29 42   47.19   15.73     13.0 
2021  6 25 13 29 42   47.59   15.80    -20.0 
2021  6 25 13 30 15   47.18   15.69     46.0 
2021  6 25 13 30 40   47.15   15.71     -8.0 
2021  6 25 13 30 47   46.49   11.52     16.0 
2021  6 25 13 31  2   47.23   15.76    -18.0 
2021  6 25 13 31  7   47.23   15.73    -15.0 
2021  6 25 13 31 16   47.22   15.82    -37.0 
2021  6 25 13 31 20   47.18   15.70     23.0 
2021  6 25 13 31 20   47.23   15.67    -10.0 
2021  6 25 13 31 21   47.18   15.73    -17.0 
2021  6 25 13 31 36   47.23   15.83    -21.0 
2021  6 25 13 31 41   47.13   15.71    227.0 
2021  6 25 13 31 46   46.77   12.29      7.0 
2021  6 25 13 31 47   46.12   10.50     82.0 
2021  6 25 13 31 50   47.23   15.72     29.0 
2021  6 25 13 31 58   47.20   15.71     13.0 
2021  6 25 13 32  2   47.18   15.73     85.0 
2021  6 25 13 32  3   47.21   15.78     11.0 
2021  6 25 13 32  9   47.14   15.74    -20.0 
2021  6 25 13 32  9   47.18   15.69    -42.0 
2021  6 25 13 32 26   47.18   15.72     75.0 
2021  6 25 13 32 51   47.51   15.52    -35.0 
2021  6 25 13 32 55   46.75   11.35    -15.0 
2021  6 25 13 32 56   47.17   15.71     86.0 
2021  6 25 13 33  2   47.19   15.69    -14.0 
2021  6 25 13 33 10   46.49   11.70    -34.0 
2021  6 25 13 33 22   47.18   15.74     55.0 
2021  6 25 13 33 39   47.52   15.50    -23.0 
2021  6 25 13 33 45   47.18   15.74     97.0 
2021  6 25 13 33 53   47.54   15.57    -17.0 
2021  6 25 13 34  2   47.21   15.75     59.0 
2021  6 25 13 34  5   46.52   11.55     20.0 
2021  6 25 13 34 14   47.17   15.75     52.0 
2021  6 25 13 34 18   47.54   15.53    -24.0 
2021  6 25 13 34 19   47.13   15.71     -5.0 
2021  6 25 13 34 40   46.51   11.54      8.0 
2021  6 25 13 34 44   47.14   15.73    -11.0 
2021  6 25 13 34 48   47.53   15.55    -26.0 
2021  6 25 13 35 29   46.92   12.45     75.0 
2021  6 25 13 35 36   47.24   15.76    -14.0 
2021  6 25 13 36  9   47.23   15.77     35.0 
2021  6 25 13 36 13   47.16   15.82    -20.0 
2021  6 25 13 36 39   47.23   15.75    110.0 
2021  6 25 13 37 47   47.24   15.75     -6.0 
2021  6 25 13 39  9   47.21   15.78    -20.0 
2021  6 25 13 39 30   47.23   15.76     26.0 
2021  6 25 13 39 47   47.18   15.78    -18.0 
2021  6 25 13 41 36   47.56   15.82    -22.0 
2021  6 25 13 41 37   47.58   15.83     32.0 
2021  6 25 13 41 37   47.66   15.87    -17.0 
2021  6 25 13 41 37   47.67   15.87    -31.0 
2021  6 25 13 41 38   47.22   15.82    -11.0 
2021  6 25 13 41 47   47.23   15.74     17.0 
2021  6 25 13 42 38   47.24   15.84     18.0 
2021  6 25 13 42 43   47.26   15.91     27.0 
2021  6 25 13 43  3   46.95   12.48    -17.0 
2021  6 25 13 43 15   47.20   15.76    -15.0 
2021  6 25 13 43 34   47.17   15.78    -20.0 
2021  6 25 13 43 52   46.94   12.48     13.0 
2021  6 25 13 43 53   46.94   12.49     13.0 
2021  6 25 13 44  6   47.22   15.82     23.0 
2021  6 25 13 44 16   46.52   11.55     12.0 
2021  6 25 13 44 36   47.23   15.86    -12.0 
2021  6 25 13 44 51   47.56   15.90    -51.0 
2021  6 25 13 45  9   46.92   12.50    -11.0 
2021  6 25 13 45 48   47.21   15.83     44.0 
2021  6 25 13 46  7   47.20   15.87     25.0 
2021  6 25 13 46 18   47.19   15.81     79.0 
2021  6 25 13 46 18   47.22   15.85     14.0 
2021  6 25 13 46 34   47.23   15.92     16.0 
2021  6 25 13 46 35   47.21   15.84     39.0 
2021  6 25 13 46 47   46.92   12.50    -10.0 
2021  6 25 13 46 57   48.81   12.41     75.0 
2021  6 25 13 47 12   46.51   11.56    -30.0 
2021  6 25 13 47 19   47.20   15.79     64.0 
2021  6 25 13 47 19   47.28   15.88     11.0 
2021  6 25 13 47 37   47.28   15.92    -19.0 
2021  6 25 13 48 22   47.23   15.83     31.0 
2021  6 25 13 48 28   47.27   15.88     -8.0 
2021  6 25 13 49  3   46.42   11.56     43.0 
2021  6 25 13 49  5   47.23   15.93     17.0 
2021  6 25 13 49 23   47.22   15.83     43.0 
2021  6 25 13 50  9   46.53   11.61     11.0 
2021  6 25 13 50 16   47.21   15.83     34.0 
2021  6 25 13 50 17   46.43   11.56     10.0 
2021  6 25 13 50 29   47.65   15.98     17.0 
2021  6 25 13 50 29   47.66   15.98    -18.0 
2021  6 25 13 50 55   46.43   11.83    120.0 
2021  6 25 13 51  2   47.21   15.80     48.0 
2021  6 25 13 51 12   47.05   12.95     73.0 
2021  6 25 13 51 12   47.09   13.00     32.0 
2021  6 25 13 51 23   47.16   15.83    -14.0 
2021  6 25 13 51 23   47.21   15.84     48.0 
2021  6 25 13 51 55   49.90   14.34     61.0 
2021  6 25 13 51 55   49.90   14.46    -13.0 
2021  6 25 13 51 55   49.91   14.45    -27.0 
2021  6 25 13 52 23   47.06   13.00     64.0 
2021  6 25 13 52 23   47.11   13.01    -12.0 
2021  6 25 13 52 32   47.24   15.82     31.0 
2021  6 25 13 52 32   47.27   15.85    -22.0 
2021  6 25 13 53  1   47.24   15.83     27.0 
2021  6 25 13 53  6   48.68   12.20     63.0 
2021  6 25 13 53 30   49.93   14.42    -21.0 
2021  6 25 13 53 43   47.10   12.93     46.0 
2021  6 25 13 54  4   47.57   15.94    -17.0 
2021  6 25 13 54  5   47.57   15.93    -29.0 
2021  6 25 13 54  5   47.58   15.94    -18.0 
2021  6 25 13 54 47   47.09   12.99     23.0 
2021  6 25 13 55 14   47.07   12.96     34.0 
2021  6 25 13 55 33   47.40   15.27    -43.0 
2021  6 25 13 55 33   47.45   15.30    -37.0 
2021  6 25 13 55 45   49.06    9.90   -160.0 
2021  6 25 13 55 45   49.09    9.85    -36.0 
2021  6 25 13 55 45   49.08    9.93    -36.0 
2021  6 25 13 55 50   47.28   15.86    -15.0 
2021  6 25 13 56  8   47.25   15.89    -31.0 
2021  6 25 13 57  7   47.58   15.90    -16.0 
2021  6 25 13 57  7   47.58   15.90    -52.0 
2021  6 25 13 57 19   49.22   11.25    -19.0 
2021  6 25 13 57 19   49.22   11.28    -11.0 
2021  6 25 13 58 39   47.44   15.41    -34.0 
2021  6 25 13 58 39   47.40   15.39    -92.0 
2021  6 25 13 58 39   47.42   15.35    -78.0 
2021  6 25 13 58 51   47.20   15.34     59.0 
2021  6 25 13 59  6   46.94   12.51     99.0 
2021  6 25 13 59 10   47.44   15.35    -16.0 
2021  6 25 13 59 46   46.78   11.55     77.0 
2021  6 25 14  0 57   47.08   12.93    163.0 
2021  6 25 14  1  8   46.49   11.60     40.0 
2021  6 25 14  1  8   46.49   11.60     21.0 
2021  6 25 14  1 26   46.98   12.57     26.0 
2021  6 25 14  1 58   47.62   15.95    -17.0 
2021  6 25 14  1 58   47.62   15.94    -20.0 
2021  6 25 14  2 18   47.22   15.93     19.0 
2021  6 25 14  2 20   46.93   11.75     56.0 
2021  6 25 14  2 50   46.47   11.59      9.0 
2021  6 25 14  2 59   47.17   14.99     18.0 
2021  6 25 14  2 59   47.16   15.00    165.0 
2021  6 25 14  3  6   47.50   15.38    -28.0 
2021  6 25 14  4 15   46.48   11.56     40.0 
2021  6 25 14  4 40   46.87   12.49     56.0 
2021  6 25 14  5  1   47.31   15.40     24.0 
2021  6 25 14  5 12   46.56   11.67    -20.0 
2021  6 25 14  5 14   46.61   11.72    -11.0 
2021  6 25 14  5 21   47.04   15.73    -18.0 
2021  6 25 14  5 35   46.87   12.47    127.0 
2021  6 25 14  5 45   46.49   11.62     15.0 
2021  6 25 14  5 45   46.48   11.58    -11.0 
2021  6 25 14  5 45   46.47   11.61    -12.0 
2021  6 25 14  5 52   46.60   11.70    -16.0 
2021  6 25 14  5 57   46.93   12.58    115.0 
2021  6 25 14  6 12   47.24   15.39    -26.0 
2021  6 25 14  7 21   46.48   11.62     17.0 
2021  6 25 14  7 22   46.49   11.63     13.0 
2021  6 25 14  8  3   46.57   11.69     35.0 
2021  6 25 14  8  3   46.57   11.67    -11.0 
2021  6 25 14  8  9   46.51   11.61    -11.0 
2021  6 25 14  9 13   47.21   14.95     56.0 
2021  6 25 14  9 13   47.19   15.00     30.0 
2021  6 25 14  9 14   46.50   11.68     91.0 
2021  6 25 14  9 59   46.87   12.47      8.0 
2021  6 25 14 10  6   46.48   11.61      8.0 
2021  6 25 14 10 23   46.88   12.52    127.0 
2021  6 25 14 10 35   46.50   11.60     -8.0 
2021  6 25 14 10 53   46.94   12.59     -4.0 
2021  6 25 14 10 56   50.06   14.50    -26.0 
2021  6 25 14 10 56   50.05   14.52    -33.0 
2021  6 25 14 10 58   46.49   11.58    -19.0 
2021  6 25 14 10 58   46.49   11.61     -9.0 
2021  6 25 14 11 16   46.48   11.63     -8.0 
2021  6 25 14 11 16   46.47   11.60    -13.0 
2021  6 25 14 11 16   46.46   11.62     -4.0 
2021  6 25 14 11 17   46.49   11.63    -17.0 
2021  6 25 14 11 40   46.88   12.49      5.0 
2021  6 25 14 11 47   46.92   12.58     -6.0 
2021  6 25 14 11 55   46.45   11.55      6.0 
2021  6 25 14 11 55   46.47   11.60     -9.0 
2021  6 25 14 12  6   46.89   12.50    -14.0 
2021  6 25 14 12 15   46.88   12.45     77.0 
2021  6 25 14 12 19   46.92   12.59    -13.0 
2021  6 25 14 12 27   47.37   15.37     28.0 
2021  6 25 14 12 28   47.07   12.98     19.0 
2021  6 25 14 12 32   50.05   14.51    -16.0 
2021  6 25 14 13  3   46.46   11.58     -9.0 
2021  6 25 14 13 23   50.06   14.51    -86.0 
2021  6 25 14 13 23   50.06   14.53      4.0 
2021  6 25 14 13 23   50.05   14.54    -20.0 
2021  6 25 14 13 23   50.07   14.52    -21.0 
2021  6 25 14 13 23   50.05   14.57    -18.0 
2021  6 25 14 13 30   46.89   12.44      4.0 
2021  6 25 14 13 33   46.47   11.65    -11.0 
2021  6 25 14 14 24   47.06   12.97    104.0 
2021  6 25 14 14 46   46.86   12.49     -3.0 
2021  6 25 14 15 14   46.91   12.55     38.0 
2021  6 25 14 15 25   46.87   12.50     -2.0 
2021  6 25 14 15 36   52.00   13.73     22.0 
2021  6 25 14 15 57   46.89   12.47      8.0 
2021  6 25 14 15 59   47.08   13.01    -15.0 
2021  6 25 14 15 59   47.09   12.98     16.0 
2021  6 25 14 15 59   47.08   13.00    -14.0 
2021  6 25 14 15 59   47.09   12.99    -13.0 
2021  6 25 14 16  4   50.03   14.58    -32.0 
2021  6 25 14 16  5   46.88   12.50     -3.0 
2021  6 25 14 16 16   46.92   12.48     21.0 
2021  6 25 14 16 31   46.82   11.61    -29.0 
2021  6 25 14 16 31   46.84   11.61     -4.0 
2021  6 25 14 16 34   46.88   12.51      2.0 
2021  6 25 14 16 37   46.48   11.61     -5.0 
2021  6 25 14 16 59   50.05   14.54    -40.0 
2021  6 25 14 16 59   50.03   14.60    -59.0 
2021  6 25 14 16 59   50.02   14.50    -19.0 
2021  6 25 14 17 24   46.91   12.52      8.0 
2021  6 25 14 17 40   47.25   15.40    -31.0 
2021  6 25 14 17 41   46.87   12.47     -3.0 
2021  6 25 14 17 54   46.88   12.50    108.0 
2021  6 25 14 18 39   46.89   12.50     -5.0 
2021  6 25 14 18 44   46.85   12.54     -2.0 
2021  6 25 14 18 51   46.92   12.55     -2.0 
2021  6 25 14 19  0   46.91   12.56      9.0 
2021  6 25 14 19  3   46.90   12.55     -2.0 
2021  6 25 14 19 11   46.88   12.52     -5.0 
2021  6 25 14 19 33   46.91   12.56      7.0 
2021  6 25 14 19 36   46.95   12.47    -10.0 
2021  6 25 14 19 39   46.90   12.52    -19.0 
2021  6 25 14 19 40   47.38   15.41    -26.0 
2021  6 25 14 19 45   50.01   14.55      8.0 
2021  6 25 14 19 56   47.11   15.04     73.0 
2021  6 25 14 20  0   46.88   12.52      3.0 
2021  6 25 14 20  3   46.92   12.59     -3.0 
2021  6 25 14 20  8   46.86   12.51      5.0 
2021  6 25 14 20 29   46.88   12.50    114.0 
2021  6 25 14 20 33   46.85   12.51    -11.0 
2021  6 25 14 20 34   46.83   12.52      2.0 
2021  6 25 14 20 47   46.86   12.50      9.0 
2021  6 25 14 20 55   46.89   12.49     12.0 
2021  6 25 14 20 57   47.43   15.46    -54.0 
2021  6 25 14 21 13   46.94   11.85    -17.0 
2021  6 25 14 21 22   46.85   12.53    -10.0 
2021  6 25 14 21 25   46.88   12.52      5.0 
2021  6 25 14 21 36   50.06   14.60    -72.0 
2021  6 25 14 21 36   50.05   14.52     -5.0 
2021  6 25 14 21 37   46.82   11.64    105.0 
2021  6 25 14 21 37   46.84   11.62    318.0 
2021  6 25 14 21 37   46.86   12.49     34.0 
2021  6 25 14 21 44   46.89   12.51     10.0 
2021  6 25 14 21 55   46.80   11.61      6.0 
2021  6 25 14 21 56   46.91   12.54      2.0 
2021  6 25 14 22  3   46.87   12.48      3.0 
2021  6 25 14 22  7   46.65   12.12   -283.0 
2021  6 25 14 22 10   47.18   15.00    -24.0 
2021  6 25 14 22 14   46.62   10.19     38.0 
2021  6 25 14 22 14   46.61   10.22      3.0 
2021  6 25 14 22 26   46.93   12.57      3.0 
2021  6 25 14 22 33   50.01   14.55    -51.0 
2021  6 25 14 22 33   50.02   14.48     -9.0 
2021  6 25 14 22 40   46.74   12.41     20.0 
2021  6 25 14 22 47   46.90   12.51    -11.0 
2021  6 25 14 22 47   46.82   12.48      8.0 
2021  6 25 14 22 56   46.86   12.55     -3.0 
2021  6 25 14 22 59   46.85   12.48      5.0 
2021  6 25 14 23  3   46.89   12.54     68.0 
2021  6 25 14 23  8   46.90   12.49      7.0 
2021  6 25 14 23 13   50.02   14.59    -23.0 
2021  6 25 14 23 13   50.01   14.54    -29.0 
2021  6 25 14 23 13   50.05   14.51    -15.0 
2021  6 25 14 23 20   46.88   12.51    -12.0 
2021  6 25 14 23 25   47.20   15.00    -27.0 
2021  6 25 14 23 25   46.87   12.55     11.0 
2021  6 25 14 23 29   46.91   12.57     23.0 
2021  6 25 14 23 32   46.83   12.48     -4.0 
2021  6 25 14 23 35   46.87   12.51    -13.0 
2021  6 25 14 23 36   46.90   12.60     11.0 
2021  6 25 14 23 45   50.08   14.61    -17.0 
2021  6 25 14 23 55   46.92   12.64      4.0 
2021  6 25 14 24  5   46.91   12.64      6.0 
2021  6 25 14 24  5   46.89   12.50     -2.0 
2021  6 25 14 24  5   47.53   15.37    -19.0 
2021  6 25 14 24  6   47.54   15.38    -50.0 
2021  6 25 14 24 19   50.03   14.58    -26.0 
2021  6 25 14 24 19   50.03   14.57    -25.0 
2021  6 25 14 24 19   50.04   14.60    -18.0 
2021  6 25 14 24 19   50.03   14.60    -15.0 
2021  6 25 14 24 19   50.04   14.56    -16.0 
2021  6 25 14 24 19   50.05   14.57      5.0 
2021  6 25 14 24 19   50.07   14.64    -16.0 
2021  6 25 14 24 22   46.85   12.51      5.0 
2021  6 25 14 24 29   46.91   12.59      4.0 
2021  6 25 14 24 37   46.91   12.56     23.0 
2021  6 25 14 24 37   46.91   12.54    -19.0 
2021  6 25 14 24 37   46.92   12.58      5.0 
2021  6 25 14 24 38   46.92   12.55     13.0 
2021  6 25 14 24 38   46.92   12.57     -9.0 
2021  6 25 14 24 38   46.91   12.56    -24.0 
2021  6 25 14 24 40   50.04   14.63    -19.0 
2021  6 25 14 24 40   50.04   14.61    -32.0 
2021  6 25 14 24 40   50.07   14.55    -10.0 
2021  6 25 14 24 47   47.16   15.03    -11.0 
2021  6 25 14 24 58   46.86   12.52     -9.0 
2021  6 25 14 24 58   46.88   12.58     13.0 
2021  6 25 14 25  3   46.89   12.54    -11.0 
2021  6 25 14 25 14   50.07   14.60     10.0 
2021  6 25 14 25 14   50.10   14.64    -62.0 
2021  6 25 14 25 14   50.07   14.60    -20.0 
2021  6 25 14 25 15   46.90   12.48      9.0 
2021  6 25 14 25 17   46.46   11.61    -13.0 
2021  6 25 14 25 27   47.16   15.04     -4.0 
2021  6 25 14 25 29   46.94   12.60      2.0 
2021  6 25 14 25 30   47.19   15.04     26.0 
2021  6 25 14 25 31   46.90   12.56     19.0 
2021  6 25 14 25 42   50.05   14.60    -25.0 
2021  6 25 14 25 42   50.04   14.58     10.0 
2021  6 25 14 25 42   50.04   14.62    -41.0 
2021  6 25 14 25 47   46.62   10.22     33.0 
2021  6 25 14 25 47   46.65   10.24      5.0 
2021  6 25 14 25 47   46.66   10.23      4.0 
2021  6 25 14 25 48   46.95   12.62     -3.0 
2021  6 25 14 26  7   46.86   12.50      3.0 
2021  6 25 14 26 10   46.91   12.58     -9.0 
2021  6 25 14 26 11   46.48   11.60     20.0 
2021  6 25 14 26 12   46.88   12.53      5.0 
2021  6 25 14 26 16   46.88   12.59     45.0 
2021  6 25 14 26 30   46.92   12.53     12.0 
2021  6 25 14 26 33   46.89   12.52     19.0 
2021  6 25 14 26 51   49.33   11.35    -26.0 
2021  6 25 14 26 51   50.06   14.66    -59.0 
2021  6 25 14 26 51   50.06   14.62    -25.0 
2021  6 25 14 26 51   50.07   14.62    -43.0 
2021  6 25 14 26 51   50.04   14.63     18.0 
2021  6 25 14 26 51   50.05   14.64    -25.0 
2021  6 25 14 26 51   50.07   14.65    -36.0 
2021  6 25 14 26 51   50.07   14.63    -30.0 
2021  6 25 14 26 52   46.85   12.46      4.0 
2021  6 25 14 26 54   46.93   12.54     -2.0 
2021  6 25 14 27  2   46.90   12.62     -3.0 
2021  6 25 14 27  3   46.88   12.58      8.0 
2021  6 25 14 27  7   46.86   12.56     -9.0 
2021  6 25 14 27 14   46.92   12.54     58.0 
2021  6 25 14 27 20   46.88   12.58      8.0 
2021  6 25 14 27 20   46.87   12.53     -4.0 
2021  6 25 14 27 29   46.95   12.55     10.0 
2021  6 25 14 27 46   46.94   12.58     17.0 
2021  6 25 14 27 48   50.10   14.68    -49.0 
2021  6 25 14 27 48   50.07   14.62      4.0 
2021  6 25 14 27 51   46.90   12.55     -7.0 
2021  6 25 14 28  0   46.86   12.53     -2.0 
2021  6 25 14 28  2   46.87   12.54     27.0 
2021  6 25 14 28  3   46.99   13.09     70.0 
2021  6 25 14 28 18   47.18   15.02      6.0 
2021  6 25 14 28 28   46.90   12.45     -9.0 
2021  6 25 14 28 34   47.43   15.46    -38.0 
2021  6 25 14 28 34   47.45   15.47    -14.0 
2021  6 25 14 28 35   50.07   14.66    -45.0 
2021  6 25 14 28 35   50.07   14.65    -15.0 
2021  6 25 14 28 36   50.04   14.58      3.0 
2021  6 25 14 28 36   46.91   12.55     -6.0 
2021  6 25 14 28 43   46.91   12.46     -4.0 
2021  6 25 14 28 49   46.87   12.51     -5.0 
2021  6 25 14 28 52   46.87   12.53     -5.0 
2021  6 25 14 29  8   46.91   12.54     13.0 
2021  6 25 14 29 13   46.84   12.52    -16.0 
2021  6 25 14 29 16   46.46   11.64    -20.0 
2021  6 25 14 29 19   46.86   12.54     -9.0 
2021  6 25 14 29 20   46.89   12.60     16.0 
2021  6 25 14 29 20   46.88   12.51      6.0 
2021  6 25 14 29 29   46.87   12.52     15.0 
2021  6 25 14 29 29   46.85   12.51    -23.0 
2021  6 25 14 29 34   46.83   12.53     -3.0 
2021  6 25 14 29 34   46.85   12.55      9.0 
2021  6 25 14 29 35   50.06   14.63    -69.0 
2021  6 25 14 29 35   50.11   14.71    -45.0 
2021  6 25 14 29 35   50.08   14.68    -56.0 
2021  6 25 14 29 35   50.11   14.70    -13.0 
2021  6 25 14 29 39   46.89   12.60     22.0 
2021  6 25 14 29 53   46.91   12.57      8.0 
2021  6 25 14 29 56   46.89   12.60     20.0 
2021  6 25 14 30  2   46.85   12.50     -5.0 
2021  6 25 14 30 24   46.84   12.48    -14.0 
2021  6 25 14 30 25   46.95   12.56      3.0 
2021  6 25 14 30 29   47.16   15.01    -17.0 
2021  6 25 14 30 31   46.84   12.51      5.0 
2021  6 25 14 30 31   46.72   11.75    -15.0 
2021  6 25 14 30 34   46.61   10.22    -44.0 
2021  6 25 14 30 34   46.59   10.18    -11.0 
2021  6 25 14 30 34   46.60   10.18     -4.0 
2021  6 25 14 30 36   49.03   12.06    -70.0 
2021  6 25 14 30 40   46.50   11.61    -13.0 
2021  6 25 14 30 44   46.81   12.49     11.0 
2021  6 25 14 30 45   46.89   12.59     48.0 
2021  6 25 14 30 45   47.50   15.61     33.0 
2021  6 25 14 30 45   47.51   15.59    -17.0 
2021  6 25 14 30 52   46.84   12.51     -2.0 
2021  6 25 14 30 54   49.46   11.60     92.0 
2021  6 25 14 31  0   46.91   12.59     22.0 
2021  6 25 14 31 12   50.03   14.56     17.0 
2021  6 25 14 31 12   50.02   14.56      5.0 
2021  6 25 14 31 12   50.05   14.58      7.0 
2021  6 25 14 31 14   47.14   14.98     17.0 
2021  6 25 14 31 20   46.92   12.58      3.0 
2021  6 25 14 31 24   46.81   12.57     -4.0 
2021  6 25 14 31 32   46.91   12.63     12.0 
2021  6 25 14 31 37   50.05   14.65     -4.0 
2021  6 25 14 31 37   46.84   12.53     -4.0 
2021  6 25 14 31 40   46.90   12.58      6.0 
2021  6 25 14 31 41   46.81   12.56      2.0 
2021  6 25 14 31 47   46.92   12.56     24.0 
2021  6 25 14 31 48   46.81   12.45      7.0 
2021  6 25 14 31 57   46.91   12.54      9.0 
2021  6 25 14 31 57   46.96   12.53     -3.0 
2021  6 25 14 31 59   46.50   11.64    -17.0 
2021  6 25 14 32  0   46.82   12.54     39.0 
2021  6 25 14 32  0   46.89   12.61     -3.0 
2021  6 25 14 32  0   46.79   12.54     -5.0 
2021  6 25 14 32  0   46.91   12.62     -6.0 
2021  6 25 14 32 19   46.92   12.62     19.0 
2021  6 25 14 32 53   46.82   12.54     64.0 
2021  6 25 14 33 10   50.07   14.67    -23.0 
2021  6 25 14 33 18   46.60   10.36   -363.0 
2021  6 25 14 33 18   46.65   10.23    -55.0 
2021  6 25 14 33 18   46.61   10.20     63.0 
2021  6 25 14 33 24   46.51   11.63    -16.0 
2021  6 25 14 33 24   46.49   11.64    -29.0 
2021  6 25 14 33 53   46.51   11.62     10.0 
2021  6 25 14 33 53   46.50   11.64     60.0 
2021  6 25 14 33 58   46.85   12.60    112.0 
2021  6 25 14 33 58   46.89   12.55    -33.0 
2021  6 25 14 34 12   47.02   13.01     44.0 
2021  6 25 14 34 30   46.88   12.51    -16.0 
2021  6 25 14 34 37   50.05   14.69    -28.0 
2021  6 25 14 34 37   50.07   14.71    -25.0 
2021  6 25 14 34 41   46.69   10.28    -29.0 
2021  6 25 14 34 49   46.97   12.59     12.0 
2021  6 25 14 34 49   46.99   12.62    -14.0 
2021  6 25 14 34 58   46.99   12.61     25.0 
2021  6 25 14 35 25   46.93   12.63    -12.0 
2021  6 25 14 35 28   47.49   15.52     40.0 
2021  6 25 14 35 31   46.51   11.66    -17.0 
2021  6 25 14 35 37   46.97   12.63     -8.0 
2021  6 25 14 35 49   46.95   12.61     13.0 
2021  6 25 14 35 53   50.07   14.71    -21.0 
2021  6 25 14 35 53   50.06   14.71    -19.0 
2021  6 25 14 35 53   50.10   14.70    -16.0 
2021  6 25 14 35 53   50.05   14.70    -29.0 
2021  6 25 14 35 53   50.06   14.70    -17.0 
2021  6 25 14 35 54   50.07   14.71    -13.0 
2021  6 25 14 35 54   50.06   14.70    -17.0 
2021  6 25 14 35 54   50.05   14.70    -18.0 
2021  6 25 14 35 54   46.72   11.39    -26.0 
2021  6 25 14 35 57   46.83   12.54    -11.0 
2021  6 25 14 35 59   46.87   12.59     63.0 
2021  6 25 14 36 15   47.00   13.02   -173.0 
2021  6 25 14 36 25   46.96   12.62    -16.0 
2021  6 25 14 36 26   47.43   15.68    -67.0 
2021  6 25 14 36 26   47.45   15.64    -35.0 
2021  6 25 14 36 26   47.47   15.66    -27.0 
2021  6 25 14 36 31   47.01   13.08    -21.0 
2021  6 25 14 36 42   46.66   10.28     56.0 
2021  6 25 14 36 51   46.97   12.59      5.0 
2021  6 25 14 37  6   50.09   14.75    -24.0 
2021  6 25 14 37  6   50.08   14.73    -38.0 
2021  6 25 14 37  6   50.10   14.71    -17.0 
2021  6 25 14 37 14   46.51   11.63     -8.0 
2021  6 25 14 37 18   46.88   12.55     -4.0 
2021  6 25 14 37 19   46.69   10.27     28.0 
2021  6 25 14 37 19   46.67   10.26    -20.0 
2021  6 25 14 37 19   46.71   10.28    -12.0 
2021  6 25 14 37 19   46.99   12.62    -11.0 
2021  6 25 14 37 21   46.83   12.50     43.0 
2021  6 25 14 37 30   46.89   12.58    -12.0 
2021  6 25 14 37 31   46.79   11.46    -48.0 
2021  6 25 14 37 31   46.81   11.46    -24.0 
2021  6 25 14 37 43   46.27   12.28    -40.0 
2021  6 25 14 37 44   47.44   15.63    -23.0 
2021  6 25 14 38  5   46.81   12.58     34.0 
2021  6 25 14 38  6   46.98   12.64     11.0 
2021  6 25 14 38  7   47.03   13.07     16.0 
2021  6 25 14 38 19   47.03   13.06     87.0 
2021  6 25 14 38 24   46.82   12.48     10.0 
2021  6 25 14 38 32   50.04   14.72    -54.0 
2021  6 25 14 38 32   50.13   14.75    -17.0 
2021  6 25 14 38 33   50.08   14.70    -28.0 
2021  6 25 14 38 33   46.68   10.29     54.0 
2021  6 25 14 38 33   46.72   10.27     22.0 
2021  6 25 14 38 33   46.67   10.26    -17.0 
2021  6 25 14 38 39   47.04   13.09     -8.0 
2021  6 25 14 38 46   46.53   11.64      5.0 
2021  6 25 14 38 47   47.18   12.94   -522.0 
2021  6 25 14 38 47   47.17   12.95    114.0 
2021  6 25 14 38 47   47.17   12.93    -36.0 
2021  6 25 14 38 48   47.17   12.93    -27.0 
2021  6 25 14 38 49   47.01   13.08     50.0 
2021  6 25 14 39 19   50.07   14.72    -34.0 
2021  6 25 14 39 19   50.07   14.73    -19.0 
2021  6 25 14 39 19   50.07   14.72    -20.0 
2021  6 25 14 39 20   46.69   10.22     29.0 
2021  6 25 14 39 46   46.88   12.62    -18.0 
2021  6 25 14 39 50   47.03   13.11    -13.0 
2021  6 25 14 39 59   46.89   12.59     -9.0 
2021  6 25 14 40 18   46.50   11.63     -9.0 
2021  6 25 14 40 18   46.88   12.61    -14.0 
2021  6 25 14 40 19   46.90   12.62    -15.0 
2021  6 25 14 40 39   46.81   11.44    452.0 
2021  6 25 14 40 40   50.06   14.71    -43.0 
2021  6 25 14 40 41   50.07   14.73    -26.0 
2021  6 25 14 40 52   46.92   12.57     51.0 
2021  6 25 14 41  2   46.63   10.25    241.0 
2021  6 25 14 41  3   46.66   10.29    -78.0 
2021  6 25 14 41  3   46.69   10.31    -21.0 
2021  6 25 14 41  3   46.67   10.27    -17.0 
2021  6 25 14 41  5   46.84   12.54     15.0 
2021  6 25 14 41 19   46.78   12.53     41.0 
2021  6 25 14 41 34   46.97   11.90    -62.0 
2021  6 25 14 41 34   46.99   11.93    -34.0 
2021  6 25 14 42  6   46.88   12.55     15.0 
2021  6 25 14 42 38   46.88   12.56     15.0 
2021  6 25 14 42 41   47.48   15.53    158.0 
2021  6 25 14 42 53   47.06   13.07     19.0 
2021  6 25 14 43  1   50.08   14.73    -76.0 
2021  6 25 14 43 11   46.63   10.23   -300.0 
2021  6 25 14 43 11   46.68   10.29     28.0 
2021  6 25 14 43 12   46.82   12.51    -10.0 
2021  6 25 14 43 18   47.48   15.53    -43.0 
2021  6 25 14 43 26   46.77   12.51    -25.0 
2021  6 25 14 44 47   46.91   11.75     23.0 
2021  6 25 14 44 52   46.48   11.62     23.0 
2021  6 25 14 45  0   46.69   10.30     50.0 
2021  6 25 14 45  0   46.71   10.29     23.0 
2021  6 25 14 45  5   47.54   15.57     28.0 
2021  6 25 14 45  6   47.48   15.52    -21.0 
2021  6 25 14 45  6   47.12   15.00     53.0 
2021  6 25 14 45 36   47.53   15.55     27.0 
2021  6 25 14 45 36   47.52   15.57     18.0 
2021  6 25 14 46 49   47.36   15.55     50.0 
2021  6 25 14 46 50   46.76   11.37    -71.0 
2021  6 25 14 46 52   47.50   15.57     15.0 
2021  6 25 14 46 57   47.36   15.58     -6.0 
2021  6 25 14 47 30   46.95   12.68    -20.0 
2021  6 25 14 47 54   46.92   12.68     -3.0 
2021  6 25 14 47 56   46.89   12.58     27.0 
2021  6 25 14 48  5   46.78   11.36    -18.0 
2021  6 25 14 48 35   46.84   11.84     37.0 
2021  6 25 14 48 35   46.89   11.88    -14.0 
2021  6 25 14 48 43   46.90   12.63     40.0 
2021  6 25 14 48 59   47.39   15.61     36.0 
2021  6 25 14 49  0   46.90   12.65    -16.0 
2021  6 25 14 49 13   46.87   12.56     43.0 
2021  6 25 14 49 21   46.87   12.57     18.0 
2021  6 25 14 49 37   47.39   15.58     43.0 
2021  6 25 14 49 37   47.42   15.62     21.0 
2021  6 25 14 50  3   47.02   13.17    -29.0 
2021  6 25 14 50  7   46.46   11.65    -23.0 
2021  6 25 14 50 23   46.95   12.64    -12.0 
2021  6 25 14 50 23   47.04   13.13    -18.0 
2021  6 25 14 50 24   47.02   13.16    -17.0 
2021  6 25 14 51  4   48.12   15.58     90.0 
2021  6 25 14 51 20   46.47   11.62    -26.0 
2021  6 25 14 51 33   47.03   15.65     32.0 
2021  6 25 14 51 40   46.84   12.49   -157.0 
2021  6 25 14 52  9   46.86   12.62     57.0 
2021  6 25 14 52 35   46.85   12.61      4.0 
2021  6 25 14 52 36   49.35   14.03     83.0 
2021  6 25 14 52 36   46.47   11.66   -164.0 
2021  6 25 14 53 18   46.47   11.66    -71.0 
2021  6 25 14 53 24   46.73   10.30   -158.0 
2021  6 25 14 53 24   46.75   10.33    -20.0 
2021  6 25 14 54 10   47.37   15.60     22.0 
2021  6 25 14 54 16   46.90   11.77     54.0 
2021  6 25 14 54 25   47.03   13.11     46.0 
2021  6 25 14 54 25   47.02   13.16     12.0 
2021  6 25 14 54 59   47.39   15.60     28.0 
2021  6 25 14 55  0   46.72   10.26   -120.0 
2021  6 25 14 55  0   46.70   10.29    -23.0 
2021  6 25 14 55  0   46.70   10.29    -23.0 
2021  6 25 14 55 23   46.86   12.64    122.0 
2021  6 25 14 55 53   47.01   13.16      4.0 
2021  6 25 14 56 40   49.22   12.01    -71.0 
2021  6 25 14 56 40   49.22   12.05     25.0 
2021  6 25 14 56 52   47.36   15.60     43.0 
2021  6 25 14 56 58   46.85   12.62    -12.0 
2021  6 25 14 57  4   46.74   10.34    -49.0 
2021  6 25 14 57  8   46.83   11.39     24.0 
2021  6 25 14 57  8   46.83   11.37     12.0 
2021  6 25 14 57 20   46.81   11.38    -48.0 
2021  6 25 14 57 20   46.83   11.40    -12.0 
2021  6 25 14 57 30   46.83   11.38     -5.0 
2021  6 25 14 57 42   48.39   12.47     30.0 
2021  6 25 14 57 43   46.94   11.77     49.0 
2021  6 25 14 57 56   47.11   14.15     83.0 
2021  6 25 14 57 59   49.72   10.78     70.0 
2021  6 25 14 58 14   46.89   11.94    -81.0 
2021  6 25 14 58 14   46.93   11.96     25.0 
2021  6 25 14 58 14   46.83   11.38    -10.0 
2021  6 25 14 58 29   46.83   11.42    -12.0 
2021  6 25 14 58 32   46.71   10.28    -19.0 
2021  6 25 14 58 56   47.04   13.12     22.0 
2021  6 25 14 59  4   46.92   11.79     54.0 
2021  6 25 14 59  4   47.03   13.15     22.0 
2021  6 25 14 59 15   49.61   11.64     37.0 
2021  6 25 14 59 48   46.96   12.00    -46.0 
2021  6 25 15  0 16   46.92   11.97      7.0 
2021  6 25 15  0 18   47.00   13.06     79.0 
2021  6 25 15  0 25   46.85   11.39    -15.0 
2021  6 25 15  0 33   46.95   11.81    -14.0 
2021  6 25 15  1 42   46.96   11.69     40.0 
2021  6 25 15  2  6   46.90   12.01     41.0 
2021  6 25 15  2  9   46.92   11.82    -10.0 
2021  6 25 15  2 38   47.14   14.13     97.0 
2021  6 25 15  2 55   46.71   12.28    127.0 
2021  6 25 15  3  6   46.92   11.66     31.0 
2021  6 25 15  3 10   46.80   12.63     64.0 
2021  6 25 15  3 13   47.01   15.62    -24.0 
2021  6 25 15  3 14   47.12   14.11     30.0 
2021  6 25 15  3 37   46.92   11.68    -18.0 
2021  6 25 15  4  5   46.73   12.53    134.0 
2021  6 25 15  4  6   46.80   12.57    -17.0 
2021  6 25 15  4 20   46.95   11.81     58.0 
2021  6 25 15  4 21   47.16   14.19     71.0 
2021  6 25 15  4 37   46.77   10.36   -174.0 
2021  6 25 15  4 41   46.94   11.67     52.0 
2021  6 25 15  4 42   46.76   12.51     68.0 
2021  6 25 15  4 42   46.76   12.52    -34.0 
2021  6 25 15  5  2   47.17   14.19     62.0 
2021  6 25 15  5 16   46.97   11.71    -22.0 
2021  6 25 15  5 35   47.14   14.19     11.0 
2021  6 25 15  6  2   46.81   11.37     65.0 
2021  6 25 15  6  8   46.83   12.62    -14.0 
2021  6 25 15  6 30   46.91   12.02      9.0 
2021  6 25 15  6 36   47.14   14.20     17.0 
2021  6 25 15  7 51   46.77   12.57     15.0 
2021  6 25 15  8 21   46.93   11.86     40.0 
2021  6 25 15  8 42   46.88   11.82    -67.0 
2021  6 25 15  9  7   49.41   10.61     95.0 
2021  6 25 15  9 11   46.92   11.87     20.0 
2021  6 25 15  9 11   46.92   11.84    -10.0 
2021  6 25 15  9 26   46.18   12.60    -37.0 
2021  6 25 15  9 27   46.96   11.88      6.0 
2021  6 25 15  9 27   46.90   11.83     49.0 
2021  6 25 15  9 29   47.35   15.65     72.0 
2021  6 25 15  9 30   46.99   13.16     33.0 
2021  6 25 15  9 48   46.92   11.86    -18.0 
2021  6 25 15 10  0   46.77   10.38    -25.0 
2021  6 25 15 10  1   46.78   10.36    -14.0 
2021  6 25 15 10  5   46.66   12.32    -43.0 
2021  6 25 15 10 39   47.20   15.04     40.0 
2021  6 25 15 10 50   46.74   12.42     65.0 
2021  6 25 15 10 58   46.92   11.86    -20.0 
2021  6 25 15 11 25   46.53   10.01    -37.0 
2021  6 25 15 11 25   46.53   10.00    -16.0 
2021  6 25 15 11 25   46.53   10.05    -14.0 
2021  6 25 15 11 25   46.53   10.03    -14.0 
2021  6 25 15 11 35   46.89   11.83     68.0 
2021  6 25 15 11 41   49.19   12.12    106.0 
2021  6 25 15 11 57   46.92   11.75     52.0 
2021  6 25 15 12 10   46.45   11.61    -29.0 
2021  6 25 15 12 17   47.41   15.66     48.0 
2021  6 25 15 12 26   46.88   11.88     57.0 
2021  6 25 15 12 26   46.84   11.86     44.0 
2021  6 25 15 12 26   46.87   11.85     11.0 
2021  6 25 15 13  3   46.84   11.95     33.0 
2021  6 25 15 13  4   47.16   14.97    -37.0 
2021  6 25 15 13 21   46.21   12.77    -36.0 
2021  6 25 15 13 23   46.77   12.53     51.0 
2021  6 25 15 13 23   46.79   12.56     15.0 
2021  6 25 15 13 41   46.77   10.38    373.0 
2021  6 25 15 13 41   46.76   10.42    -53.0 
2021  6 25 15 13 53   47.27   15.40    -26.0 
2021  6 25 15 13 53   47.28   15.39     26.0 
2021  6 25 15 13 58   47.15   14.98     24.0 
2021  6 25 15 13 58   46.46   11.58     12.0 
2021  6 25 15 14 15   48.28   12.45     38.0 
2021  6 25 15 14 15   48.28   12.48     15.0 
2021  6 25 15 14 28   46.59   12.19    -54.0 
2021  6 25 15 14 31   47.25   15.42     66.0 
2021  6 25 15 14 42   46.16   12.68    129.0 
2021  6 25 15 14 46   46.83   11.98     46.0 
2021  6 25 15 14 47   47.16   14.99     18.0 
2021  6 25 15 14 52   47.15   14.33     47.0 
2021  6 25 15 14 52   47.18   14.34     36.0 
2021  6 25 15 14 54   49.10   12.00    -59.0 
2021  6 25 15 15  5   47.28   15.13     57.0 
2021  6 25 15 15  9   46.87   11.84      7.0 
2021  6 25 15 15 45   46.21   12.69    -13.0 
2021  6 25 15 15 51   46.52   10.00    -64.0 
2021  6 25 15 15 51   46.51    9.99    -27.0 
2021  6 25 15 15 51   46.52   10.02    -27.0 
2021  6 25 15 16 10   46.92   11.75    125.0 
2021  6 25 15 16 10   46.94   11.89     39.0 
2021  6 25 15 16 22   47.24   15.15     94.0 
2021  6 25 15 16 39   46.93   11.85    -11.0 
2021  6 25 15 16 50   46.72   12.38     17.0 
2021  6 25 15 17 22   47.05   13.45     91.0 
2021  6 25 15 17 41   46.89   11.77     52.0 
2021  6 25 15 17 46   47.23   15.17     55.0 
2021  6 25 15 17 46   47.28   15.22     16.0 
2021  6 25 15 17 52   46.75   12.57     83.0 
2021  6 25 15 18  7   46.83   11.72     10.0 
2021  6 25 15 18  7   46.84   11.71    -12.0 
2021  6 25 15 18 12   46.90   12.04     47.0 
2021  6 25 15 18 13   46.86   12.00     38.0 
2021  6 25 15 18 13   46.95   12.08    -20.0 
2021  6 25 15 18 16   46.74   12.58    -19.0 
2021  6 25 15 18 24   46.74   12.58    -17.0 
2021  6 25 15 18 27   47.10   14.94     49.0 
2021  6 25 15 19  0   46.64   12.29     31.0 
2021  6 25 15 19 10   46.89   12.03     10.0 
2021  6 25 15 19 10   46.90   11.99     65.0 
2021  6 25 15 19 14   46.72   12.57     35.0 
2021  6 25 15 19 32   46.78   10.33   -384.0 
2021  6 25 15 19 32   46.74   10.25    -68.0 
2021  6 25 15 19 32   46.78   10.36    -42.0 
2021  6 25 15 19 32   46.78   10.37    -20.0 
2021  6 25 15 20  0   46.75   12.65    -16.0 
2021  6 25 15 20 16   46.89   11.99     21.0 
2021  6 25 15 21  1   46.77   12.59     10.0 
2021  6 25 15 21 17   46.91   12.05    -18.0 
2021  6 25 15 21 30   46.76   12.60     34.0 
2021  6 25 15 21 47   46.73   12.61     22.0 
2021  6 25 15 21 59   46.91   12.05     56.0 
2021  6 25 15 22 15   46.78   10.39   -147.0 
2021  6 25 15 22 58   46.79   11.41     20.0 
2021  6 25 15 23 24   46.46   11.58    -26.0 
2021  6 25 15 23 45   46.45   11.59    -31.0 
2021  6 25 15 24  5   46.84   11.69      7.0 
2021  6 25 15 24  6   46.81   11.67     57.0 
2021  6 25 15 24  6   46.85   11.70    -18.0 
2021  6 25 15 24  6   46.83   11.67     15.0 
2021  6 25 15 24 16   46.74   12.63    -15.0 
2021  6 25 15 24 20   46.44   11.59     26.0 
2021  6 25 15 24 55   47.16   14.32     85.0 
2021  6 25 15 24 59   47.63   15.65     59.0 
2021  6 25 15 25 16   47.48   15.37     43.0 
2021  6 25 15 25 23   46.73   12.45     85.0 
2021  6 25 15 25 32   46.94   12.13     52.0 
2021  6 25 15 26 10   47.16   14.30    -12.0 
2021  6 25 15 26 17   46.90   12.04     23.0 
2021  6 25 15 26 29   49.74   12.04     56.0 
2021  6 25 15 27  5   47.29   15.23     52.0 
2021  6 25 15 27  6   46.97   12.11     35.0 
2021  6 25 15 27  7   46.96   12.11    -13.0 
2021  6 25 15 28 13   47.02   15.68     24.0 
2021  6 25 15 28 27   47.04   15.71    -15.0 
2021  6 25 15 28 49   48.32   12.52     49.0 
2021  6 25 15 28 49   48.34   12.59     32.0 
2021  6 25 15 29 56   49.65   10.92    -26.0 
2021  6 25 15 29 57   49.66   10.91      9.0 
2021  6 25 15 30 53   47.06   15.69     43.0 
2021  6 25 15 31  9   49.53    9.93     68.0 
2021  6 25 15 31 44   47.07   15.72    -23.0 
2021  6 25 15 31 54   46.67   12.37     29.0 
2021  6 25 15 32 31   46.95   12.11    -16.0 
2021  6 25 15 32 32   46.94   12.09    -20.0 
2021  6 25 15 32 32   46.94   12.10    -15.0 
2021  6 25 15 32 40   47.02   15.68    -17.0 
2021  6 25 15 32 45   47.02   15.72     -5.0 
2021  6 25 15 33 23   47.26   15.23     29.0 
2021  6 25 15 33 35   46.79   10.42   -236.0 
2021  6 25 15 33 35   46.81   10.43    -17.0 
2021  6 25 15 33 35   46.81   10.44     -9.0 
2021  6 25 15 33 48   46.76   12.43     40.0 
2021  6 25 15 33 48   46.77   12.46     11.0 
2021  6 25 15 33 50   46.79   11.43     88.0 
2021  6 25 15 34  0   47.26   15.26     66.0 
2021  6 25 15 34 23   47.02   15.74    129.0 
2021  6 25 15 34 31   46.81   11.43     -9.0 
2021  6 25 15 34 38   46.66   12.30    100.0 
2021  6 25 15 34 41   47.04   15.66     -6.0 
2021  6 25 15 34 44   47.26   15.26     30.0 
2021  6 25 15 35 38   47.25   15.22    -12.0 
2021  6 25 15 35 40   46.71   12.46     75.0 
2021  6 25 15 35 45   46.68   12.32     15.0 
2021  6 25 15 35 48   47.27   15.24     39.0 
2021  6 25 15 37 49   46.75   12.49     15.0 
2021  6 25 15 38 52   46.89   12.70     20.0 
2021  6 25 15 38 55   46.14   12.81    109.0 
2021  6 25 15 39 24   46.80   10.42   -287.0 
2021  6 25 15 39 24   46.82   10.41    -55.0 
2021  6 25 15 39 24   46.81   10.44    -36.0 
2021  6 25 15 39 24   46.85   10.44    -18.0 
2021  6 25 15 39 32   46.84   11.82    -33.0 
2021  6 25 15 39 42   47.27   14.37     27.0 
2021  6 25 15 39 56   46.76   12.56     53.0 
2021  6 25 15 40 45   47.07   15.74    -28.0 
2021  6 25 15 40 52   46.90   12.16     31.0 
2021  6 25 15 41 39   47.38   15.55     67.0 
2021  6 25 15 41 39   47.36   15.58    -15.0 
2021  6 25 15 42  0   46.87   12.63     26.0 
2021  6 25 15 42 13   49.32   10.89    -25.0 
2021  6 25 15 42 13   49.32   10.93    -21.0 
2021  6 25 15 42 51   47.27   14.39     34.0 
2021  6 25 15 42 55   46.93   12.16   -110.0 
2021  6 25 15 42 55   46.94   12.17     17.0 
2021  6 25 15 42 56   46.94   12.16    -19.0 
2021  6 25 15 42 56   46.95   12.18    -13.0 
2021  6 25 15 43  8   49.35   10.91     14.0 
2021  6 25 15 43 37   46.82   10.39    -15.0 
2021  6 25 15 43 46   49.31   10.90    -25.0 
2021  6 25 15 43 46   49.27   10.84     48.0 
2021  6 25 15 43 46   49.32   10.90    -12.0 
2021  6 25 15 44  6   46.90   12.73    -38.0 
2021  6 25 15 44 56   46.76   12.45    -25.0 
2021  6 25 15 45 15   46.92   12.16   -123.0 
2021  6 25 15 45 15   46.96   12.18     12.0 
2021  6 25 15 45 16   46.94   12.15    -11.0 
2021  6 25 15 46  8   46.80   11.46     13.0 
2021  6 25 15 46 11   46.70   12.37     68.0 
2021  6 25 15 46 12   46.49   11.59    -31.0 
2021  6 25 15 46 31   46.79   11.45     16.0 
2021  6 25 15 46 32   46.79   11.44     11.0 
2021  6 25 15 46 42   46.82   10.43    -43.0 
2021  6 25 15 46 43   46.77   11.45     21.0 
2021  6 25 15 46 52   47.29   14.39    -26.0 
2021  6 25 15 46 52   47.29   14.39    -33.0 
2021  6 25 15 46 52   47.31   14.41    -17.0 
2021  6 25 15 46 52   47.29   14.38    -17.0 
2021  6 25 15 46 55   46.78   11.46     47.0 
2021  6 25 15 47 18   46.95   12.17    -29.0 
2021  6 25 15 47 26   46.80   11.48     -5.0 
2021  6 25 15 47 52   49.33   10.93    180.0 
2021  6 25 15 47 52   49.34   10.97     34.0 
2021  6 25 15 48 23   49.36   10.99     15.0 
2021  6 25 15 48 23   49.38   10.99     -9.0 
2021  6 25 15 49 34   49.39   10.93    -16.0 
2021  6 25 15 49 34   49.36   11.01    -27.0 
2021  6 25 15 49 37   46.74   12.40     60.0 
2021  6 25 15 49 40   46.77   11.45     12.0 
2021  6 25 15 49 43   46.86   12.82    286.0 
2021  6 25 15 49 47   46.92   12.16   -120.0 
2021  6 25 15 49 47   46.96   12.17     -7.0 
2021  6 25 15 49 47   46.90   12.13    -12.0 
2021  6 25 15 49 47   46.95   12.17     13.0 
2021  6 25 15 49 49   49.32   10.95     70.0 
2021  6 25 15 50  4   46.79   11.45     13.0 
2021  6 25 15 50  4   46.78   11.43      8.0 
2021  6 25 15 50  4   46.46   11.56    -13.0 
2021  6 25 15 50 12   49.37   11.04     -9.0 
2021  6 25 15 50 13   46.47   11.57     25.0 
2021  6 25 15 50 14   46.82   11.47     32.0 
2021  6 25 15 50 19   49.40   11.00    -41.0 
2021  6 25 15 50 26   49.52   12.14    -34.0 
2021  6 25 15 50 35   49.36   10.99      9.0 
2021  6 25 15 51  7   49.35   10.99    -42.0 
2021  6 25 15 51 14   49.38   10.94     18.0 
2021  6 25 15 51 27   49.35   10.97     14.0 
2021  6 25 15 51 28   49.35   10.95     55.0 
2021  6 25 15 51 38   46.81   11.42     25.0 
2021  6 25 15 51 41   46.80   11.47     -9.0 
2021  6 25 15 51 47   47.12   14.26     54.0 
2021  6 25 15 51 48   47.23   14.43    -43.0 
2021  6 25 15 52  8   49.35   10.95    -11.0 
2021  6 25 15 52 12   46.80   11.46     -6.0 
2021  6 25 15 52 13   46.81   11.43     12.0 
2021  6 25 15 52 23   46.72   12.39     52.0 
2021  6 25 15 52 31   49.39   11.02    -20.0 
2021  6 25 15 52 31   49.39   11.01     13.0 
2021  6 25 15 52 36   46.95   12.21     48.0 
2021  6 25 15 52 36   46.95   12.20     21.0 
2021  6 25 15 52 41   49.36   10.99    -11.0 
2021  6 25 15 52 41   49.34   10.98      9.0 
2021  6 25 15 52 44   46.76   11.44     18.0 
2021  6 25 15 52 49   46.78   11.45     -8.0 
2021  6 25 15 52 52   46.78   11.48    -17.0 
2021  6 25 15 52 52   46.75   11.46    -19.0 
2021  6 25 15 52 52   47.18   15.08     58.0 
2021  6 25 15 52 53   47.21   15.09     62.0 
2021  6 25 15 52 57   49.33   11.02      4.0 
2021  6 25 15 52 57   49.34   11.01     12.0 
2021  6 25 15 53 14   46.50   11.60    -24.0 
2021  6 25 15 53 14   46.49   11.59     17.0 
2021  6 25 15 53 15   47.12   14.27     50.0 
2021  6 25 15 53 23   47.72   15.21   -189.0 
2021  6 25 15 53 24   47.75   15.20    -39.0 
2021  6 25 15 53 24   47.76   15.21    -15.0 
2021  6 25 15 53 27   49.36   11.00    -10.0 
2021  6 25 15 53 34   46.49   11.59     14.0 
2021  6 25 15 53 35   47.25   14.36     44.0 
2021  6 25 15 53 48   46.76   11.45     -7.0 
2021  6 25 15 53 51   46.97   15.92    -41.0 
2021  6 25 15 53 53   49.35   11.06     -2.0 
2021  6 25 15 54  2   49.39   11.02    -23.0 
2021  6 25 15 54  6   47.24   14.48     27.0 
2021  6 25 15 54 10   49.25   14.49    -23.0 
2021  6 25 15 54 10   49.32   10.98    -20.0 
2021  6 25 15 54 10   49.35   10.99    -11.0 
2021  6 25 15 54 15   49.37   11.05      7.0 
2021  6 25 15 54 30   47.23   15.08     14.0 
2021  6 25 15 54 30   49.33   11.01     -6.0 
2021  6 25 15 54 45   49.34   11.00     18.0 
2021  6 25 15 54 45   49.35   10.99    -13.0 
2021  6 25 15 54 45   49.34   11.00     -9.0 
2021  6 25 15 54 54   49.40   11.03      7.0 
2021  6 25 15 55  2   49.36   11.01    -15.0 
2021  6 25 15 55  9   49.27   10.97     10.0 
2021  6 25 15 55  9   49.28   10.96    102.0 
2021  6 25 15 55 18   49.34   10.98    -23.0 
2021  6 25 15 55 32   48.14   12.59     91.0 
2021  6 25 15 55 47   47.24   15.16     17.0 
2021  6 25 15 55 47   47.24   15.16    -19.0 
2021  6 25 15 55 49   46.98   15.93    -14.0 
2021  6 25 15 55 50   49.38   11.04    -14.0 
2021  6 25 15 55 54   47.24   14.47     13.0 
2021  6 25 15 55 54   47.25   14.47    -16.0 
2021  6 25 15 56 18   49.40   11.06    -12.0 
2021  6 25 15 56 28   49.32   11.00     40.0 
2021  6 25 15 56 28   49.35   10.99     24.0 
2021  6 25 15 56 28   49.37   10.96    -22.0 
2021  6 25 15 56 34   49.24   10.96     51.0 
2021  6 25 15 56 56   49.35   10.98     -9.0 
2021  6 25 15 57 21   49.28   11.01     -7.0 
2021  6 25 15 57 22   49.30   10.98    -11.0 
2021  6 25 15 57 58   49.27   10.99     70.0 
2021  6 25 15 58  8   46.51   11.58    -17.0 
2021  6 25 15 59  1   49.22   11.03     91.0 
2021  6 25 15 59 21   46.81   12.16    -36.0 
2021  6 25 15 59 38   49.25   11.02    -49.0 
2021  6 25 16  0  3   46.90   15.93     27.0 
2021  6 25 16  0 14   49.29   11.02    -14.0 
2021  6 25 16  0 15   49.27   11.04     32.0 
2021  6 25 16  0 15   49.23   11.03    -31.0 
2021  6 25 16  0 15   49.22   11.03     -7.0 
2021  6 25 16  0 46   46.93   15.90    -22.0 
2021  6 25 16  0 50   49.27   10.99     11.0 
2021  6 25 16  0 59   46.96   15.85     24.0 
2021  6 25 16  1  5   49.24   10.95    -30.0 
2021  6 25 16  1 14   46.63   11.66    -30.0 
2021  6 25 16  1 28   46.79   11.47     75.0 
2021  6 25 16  1 28   46.77   11.47     13.0 
2021  6 25 16  1 33   46.94   15.88     18.0 
2021  6 25 16  1 59   46.93   15.92    -19.0 
2021  6 25 16  2 16   49.29   11.01     -6.0 
2021  6 25 16  2 16   46.77   11.47     13.0 
2021  6 25 16  2 40   46.71   12.51     33.0 
2021  6 25 16  3  7   47.13   13.51     63.0 
2021  6 25 16  3 30   49.27   11.01     20.0 
2021  6 25 16  3 35   46.77   11.48      3.0 
2021  6 25 16  3 39   49.47   12.18     44.0 
2021  6 25 16  4 49   49.27   11.02     -9.0 
2021  6 25 16  5  0   49.25   11.04    -12.0 
2021  6 25 16  5  4   46.52   12.28   -372.0 
2021  6 25 16  5 19   49.26   11.05    -10.0 
2021  6 25 16  5 36   46.75   11.45    -37.0 
2021  6 25 16  5 55   46.76   11.47     20.0 
2021  6 25 16  6 58   46.75   11.47    -16.0 
2021  6 25 16  7  4   49.28   11.03     -5.0 
2021  6 25 16  7 10   49.28   11.02     17.0 
2021  6 25 16  7 20   49.28   11.04    -21.0 
2021  6 25 16  7 20   49.24   11.00    -11.0 
2021  6 25 16  7 30   46.76   11.47     -5.0 
2021  6 25 16  7 40   49.26   11.04     46.0 
2021  6 25 16  7 48   49.28   11.01     -9.0 
2021  6 25 16  8  6   46.75   11.45     16.0 
2021  6 25 16  8 10   49.45   12.04    -88.0 
2021  6 25 16  8 39   49.24   11.08    -30.0 
2021  6 25 16  9  0   46.92   15.88     20.0 
2021  6 25 16  9  2   49.23   11.09    -17.0 
2021  6 25 16  9 10   49.25   10.99    -10.0 
2021  6 25 16  9 24   49.28   11.00     -4.0 
2021  6 25 16  9 59   46.80   12.89     68.0 
2021  6 25 16 10 37   46.76   11.42    -16.0 
2021  6 25 16 10 53   49.26   11.03     -8.0 
2021  6 25 16 11  7   47.86   15.40    -24.0 
2021  6 25 16 11 20   46.73   11.45     50.0 
2021  6 25 16 11 26   49.27   11.04    -15.0 
2021  6 25 16 12  2   46.91   15.86    -34.0 
2021  6 25 16 12 57   47.03   10.78    128.0 
2021  6 25 16 12 57   47.04   10.77     27.0 
2021  6 25 16 12 58   47.03   10.78    -12.0 
2021  6 25 16 13 39   46.92   12.82     48.0 
2021  6 25 16 13 40   46.74   12.78    -26.0 
2021  6 25 16 13 40   46.78   12.82    -20.0 
2021  6 25 16 13 42   47.18   15.25     62.0 
2021  6 25 16 14 16   46.54   12.35     62.0 
2021  6 25 16 14 16   46.65   12.46     60.0 
2021  6 25 16 14 19   46.64   11.65     38.0 
2021  6 25 16 16 11   49.25   11.05     19.0 
2021  6 25 16 16 11   49.26   11.03     14.0 
2021  6 25 16 16 11   49.23   11.04     12.0 
2021  6 25 16 16 41   46.74   11.46     14.0 
2021  6 25 16 16 43   49.21   11.05     21.0 
2021  6 25 16 16 54   46.54   12.37     51.0 
2021  6 25 16 17 50   46.71   12.51     54.0 
2021  6 25 16 18 17   46.71   12.52     19.0 
2021  6 25 16 18 21   47.02   14.83    121.0 
2021  6 25 16 18 27   46.96   12.86     33.0 
2021  6 25 16 18 50   46.69   12.49     42.0 
2021  6 25 16 19 11   49.20   10.94     81.0 
2021  6 25 16 19 11   49.26   11.01    -18.0 
2021  6 25 16 19 28   46.43   11.61     29.0 
2021  6 25 16 19 32   46.52   12.63     67.0 
2021  6 25 16 19 39   46.71   12.49    -16.0 
2021  6 25 16 19 39   46.69   12.51    -16.0 
2021  6 25 16 20 12   49.13   11.06   -130.0 
2021  6 25 16 20 12   49.14   11.11    -57.0 
2021  6 25 16 20 22   46.85   12.89     47.0 
2021  6 25 16 20 24   49.27   11.01     16.0 
2021  6 25 16 20 46   49.38   11.12     64.0 
2021  6 25 16 22  7   49.42   11.14    -19.0 
2021  6 25 16 22  7   49.40   11.13     23.0 
2021  6 25 16 22 15   47.24   15.21     75.0 
2021  6 25 16 22 38   47.09   14.33     37.0 
2021  6 25 16 22 50   47.07   14.82     77.0 
2021  6 25 16 23 14   49.16   11.11     79.0 
2021  6 25 16 23 35   47.02   11.81   -118.0 
2021  6 25 16 23 35   47.03   11.81     21.0 
2021  6 25 16 23 51   48.05   15.78     38.0 
2021  6 25 16 24 25   46.68   12.53     57.0 
2021  6 25 16 24 39   46.68   12.55     17.0 
2021  6 25 16 24 42   49.16   11.12     86.0 
2021  6 25 16 24 56   46.68   12.56    -15.0 
2021  6 25 16 25  6   46.66   12.54     17.0 
2021  6 25 16 25 37   49.17   11.09    -56.0 
2021  6 25 16 25 46   49.42   11.14   -108.0 
2021  6 25 16 25 51   46.90   15.55     58.0 
2021  6 25 16 26 34   47.04   14.15    247.0 
2021  6 25 16 26 43   47.07   14.78     89.0 
2021  6 25 16 26 53   46.70   12.50     -7.0 
2021  6 25 16 27  1   49.13   11.09   -131.0 
2021  6 25 16 27  1   49.12   11.08     -9.0 
2021  6 25 16 27  4   46.43   11.64     51.0 
2021  6 25 16 27 56   46.75   12.91    118.0 
2021  6 25 16 27 58   46.69   12.56    -17.0 
2021  6 25 16 28  5   46.41   11.67     40.0 
2021  6 25 16 28 12   47.18   15.36    104.0 
2021  6 25 16 28 38   49.10   11.11    -34.0 
2021  6 25 16 29  5   49.23   11.17    125.0 
2021  6 25 16 29  7   49.40   11.15   -156.0 
2021  6 25 16 29  7   49.42   11.14    -25.0 
2021  6 25 16 29 13   47.37   14.70     27.0 
2021  6 25 16 29 19   46.76   12.84     59.0 
2021  6 25 16 29 19   46.78   12.85    -25.0 
2021  6 25 16 29 50   46.87   14.73    -28.0 
2021  6 25 16 30  0   46.79   12.89     12.0 
2021  6 25 16 30 22   46.96   15.62     27.0 
2021  6 25 16 30 47   46.60   12.47    -13.0 
2021  6 25 16 31  5   46.50   12.34    -19.0 
2021  6 25 16 31 14   46.96   15.94     20.0 
2021  6 25 16 32 16   46.79   11.17    -28.0 
2021  6 25 16 32 17   46.53   12.35     20.0 
2021  6 25 16 32 37   46.61   12.49    -16.0 
2021  6 25 16 33  5   46.62   12.50    -16.0 
2021  6 25 16 33 19   47.36   14.66     48.0 
2021  6 25 16 33 19   47.35   14.66    -34.0 
2021  6 25 16 33 19   47.34   14.65    -34.0 
2021  6 25 16 33 19   47.36   14.66    -21.0 
2021  6 25 16 33 40   47.16   11.50    -43.0 
2021  6 25 16 34  4   47.07   10.84    -10.0 
2021  6 25 16 34  4   47.05   10.82    -35.0 
2021  6 25 16 34  8   46.64   12.53     20.0 
2021  6 25 16 34 10   47.11   14.81     76.0 
2021  6 25 16 34 30   47.13   14.39     89.0 
2021  6 25 16 34 39   47.11   14.13     50.0 
2021  6 25 16 35  2   47.12   14.84    180.0 
2021  6 25 16 35 17   46.64   12.54     28.0 
2021  6 25 16 35 17   46.66   12.57    -10.0 
2021  6 25 16 35 35   46.35   11.68     22.0 
2021  6 25 16 36 57   46.66   12.55     47.0 
2021  6 25 16 37 22   49.15   11.26    111.0 
2021  6 25 16 38  2   47.28   14.71    153.0 
2021  6 25 16 38 40   49.07   10.94    131.0 
2021  6 25 16 39  1   47.37   14.66     22.0 
2021  6 25 16 39  4   46.75   11.31     38.0 
2021  6 25 16 39 26   46.75   11.31    -25.0 
2021  6 25 16 39 27   46.53   12.36     34.0 
2021  6 25 16 39 28   46.54   12.39     13.0 
2021  6 25 16 39 35   46.66   12.52     30.0 
2021  6 25 16 39 46   46.75   11.31     14.0 
2021  6 25 16 40  7   46.73   11.27    -31.0 
2021  6 25 16 41 56   49.08   10.94     70.0 
2021  6 25 16 42 34   47.12   11.48   -610.0 
2021  6 25 16 43 33   46.52   12.37    -23.0 
2021  6 25 16 43 54   46.65   11.66    -30.0 
2021  6 25 16 43 54   49.06   11.07    -53.0 
2021  6 25 16 44  8   46.57   12.51     21.0 
2021  6 25 16 44 56   46.75   11.37    -30.0 
2021  6 25 16 45  1   49.06   11.11    -71.0 
2021  6 25 16 45  5   46.89   14.59     45.0 
2021  6 25 16 45 27   49.08   11.13    103.0 
2021  6 25 16 46 22   46.58   12.70    -38.0 
2021  6 25 16 46 22   46.62   12.73    -18.0 
2021  6 25 16 46 41   46.59   12.70     15.0 
2021  6 25 16 46 48   47.11   14.25     50.0 
2021  6 25 16 47  6   47.33   14.12    -70.0 
2021  6 25 16 47  6   47.33   14.10    -16.0 
2021  6 25 16 47 24   46.48   12.15     69.0 
2021  6 25 16 47 39   49.04   11.13    -71.0 
2021  6 25 16 47 39   49.08   11.14    -12.0 
2021  6 25 16 47 40   46.89   14.69     50.0 
2021  6 25 16 47 47   47.10   14.24     86.0 
2021  6 25 16 48 15   46.58   12.68     22.0 
2021  6 25 16 48 32   46.75   11.29     42.0 
2021  6 25 16 48 42   48.48   13.63     62.0 
2021  6 25 16 49 18   46.89   15.79    -29.0 
2021  6 25 16 49 20   49.10   11.05     31.0 
2021  6 25 16 49 24   46.72   11.47    -49.0 
2021  6 25 16 49 26   47.11   14.24    137.0 
2021  6 25 16 49 51   46.92   15.77     63.0 
2021  6 25 16 50 12   46.58   12.70     -8.0 
2021  6 25 16 50 25   47.09   14.21     99.0 
2021  6 25 16 50 47   49.06   11.08    -24.0 
2021  6 25 16 50 50   46.49   12.24     39.0 
2021  6 25 16 51 18   46.57   12.67      9.0 
2021  6 25 16 51 25   46.74   11.24     78.0 
2021  6 25 16 51 44   47.12   14.26     14.0 
2021  6 25 16 52  2   47.36   14.74    -20.0 
2021  6 25 16 52  2   47.34   14.76     38.0 
2021  6 25 16 52  7   48.16   15.97    -33.0 
2021  6 25 16 52 51   49.00   11.07    -44.0 
2021  6 25 16 53 24   47.37   14.74     47.0 
2021  6 25 16 53 24   47.41   14.79    -28.0 
2021  6 25 16 53 24   47.39   14.79    -17.0 
2021  6 25 16 53 24   47.42   14.80    -13.0 
2021  6 25 16 53 24   47.41   14.79    -23.0 
2021  6 25 16 53 24   47.40   14.79    -22.0 
2021  6 25 16 54 12   46.79   11.55    -27.0 
2021  6 25 16 54 13   46.76   11.54    -15.0 
2021  6 25 16 54 17   46.91   14.75     37.0 
2021  6 25 16 54 24   48.16   15.96    -19.0 
2021  6 25 16 54 26   46.73   11.32    -49.0 
2021  6 25 16 54 52   47.33   14.77     20.0 
2021  6 25 16 55 16   46.92   14.72    -14.0 
2021  6 25 16 55 35   49.05   11.08    -33.0 
2021  6 25 16 55 52   49.05   11.07     21.0 
2021  6 25 16 55 55   46.91   14.70     41.0 
2021  6 25 16 56 24   46.72   11.33     -4.0 
2021  6 25 16 57 52   46.55   12.71    -42.0 
2021  6 25 16 59  3   46.73   11.44     57.0 
2021  6 25 16 59 18   46.76   11.44    -11.0 
2021  6 25 17  0 32   47.34   14.86    -22.0 
2021  6 25 17  1 31   46.49   12.29     70.0 
2021  6 25 17  1 49   47.31   14.24    -20.0 
2021  6 25 17  1 49   47.31   14.24    -27.0 
2021  6 25 17  2  3   46.51   12.27     20.0 
2021  6 25 17  2 15   48.46   13.70    -79.0 
2021  6 25 17  2 30   46.67   11.39    -16.0 
2021  6 25 17  2 57   46.57   12.71     24.0 
2021  6 25 17  2 57   46.52   12.67     27.0 
2021  6 25 17  3 15   47.34   14.83     61.0 
2021  6 25 17  3 54   46.76   11.37     83.0 
2021  6 25 17  4 40   46.47   11.99    -27.0 
2021  6 25 17  5 29   46.48   12.24     89.0 
2021  6 25 17  5 46   46.74   11.34     -2.0 
2021  6 25 17  5 52   46.77   11.38     28.0 
2021  6 25 17  7 48   46.48   12.34    -32.0 
2021  6 25 17  8 10   46.48   12.36    -20.0 
2021  6 25 17  8 10   47.15   15.44     56.0 
2021  6 25 17  8 40   46.95   15.07     41.0 
2021  6 25 17  9 46   48.15   14.02     42.0 
2021  6 25 17 10  5   46.43   12.09    -29.0 
2021  6 25 17 10  6   47.14   15.44     37.0 
2021  6 25 17 10 11   46.97   15.05    -65.0 
2021  6 25 17 10 46   46.96   15.08    133.0 
2021  6 25 17 10 46   46.96   15.05    -55.0 
2021  6 25 17 10 51   47.46   15.00     56.0 
2021  6 25 17 11 13   47.80   12.61   -117.0 
2021  6 25 17 11 23   46.45   12.13     94.0 
2021  6 25 17 11 24   47.00   15.07    -36.0 
2021  6 25 17 11 24   47.01   15.11    -11.0 
2021  6 25 17 13 42   47.27   14.22    -39.0 
2021  6 25 17 13 51   46.51   11.64    -36.0 
2021  6 25 17 13 55   46.68   11.40     29.0 
2021  6 25 17 14 26   46.69   11.38     -8.0 
2021  6 25 17 14 26   46.70   11.39     10.0 
2021  6 25 17 14 34   46.70   11.43     44.0 
2021  6 25 17 15  0   47.30   14.22    -41.0 
2021  6 25 17 15 36   46.71   11.37    -14.0 
2021  6 25 17 16 20   47.37   14.29     25.0 
2021  6 25 17 16 20   47.35   14.26     34.0 
2021  6 25 17 16 20   47.33   14.28    -30.0 
2021  6 25 17 16 29   46.62   12.90    -13.0 
2021  6 25 17 16 42   46.58   12.88    -33.0 
2021  6 25 17 16 42   46.56   12.89    -49.0 
2021  6 25 17 16 49   46.99   15.10     46.0 
2021  6 25 17 16 49   46.95   14.93    -46.0 
2021  6 25 17 17 32   46.70   11.40    -11.0 
2021  6 25 17 18 34   46.45   11.94     24.0 
2021  6 25 17 19 21   47.38   14.94     45.0 
2021  6 25 17 19 45   46.45   12.12     64.0 
2021  6 25 17 20  7   47.01   15.08    -41.0 
2021  6 25 17 20  7   47.02   15.09     11.0 
2021  6 25 17 20 37   48.17   14.04     75.0 
2021  6 25 17 21 21   46.71   11.40    -41.0 
2021  6 25 17 21 44   47.00   15.07     37.0 
2021  6 25 17 21 44   47.02   15.08     25.0 
2021  6 25 17 21 44   46.69   11.38   -131.0 
2021  6 25 17 21 44   46.69   11.39    -16.0 
2021  6 25 17 21 58   48.14   14.03    -34.0 
2021  6 25 17 22  4   46.68   11.38    -36.0 
2021  6 25 17 22  4   46.72   11.40     -7.0 
2021  6 25 17 22 25   46.69   11.39    -35.0 
2021  6 25 17 22 25   46.65   11.39    -10.0 
2021  6 25 17 22 30   46.41   12.04     56.0 
2021  6 25 17 22 40   47.02   15.09     29.0 
2021  6 25 17 22 43   46.70   11.40     23.0 
2021  6 25 17 22 54   47.77   12.63    -49.0 
2021  6 25 17 22 54   47.81   12.69     54.0 
2021  6 25 17 22 56   46.68   11.39     12.0 
2021  6 25 17 23  0   48.17   14.04     58.0 
2021  6 25 17 23  6   46.67   12.92    -46.0 
2021  6 25 17 23  6   46.68   12.93    -22.0 
2021  6 25 17 23 13   46.69   11.39    -17.0 
2021  6 25 17 23 21   47.03   15.10    -25.0 
2021  6 25 17 23 21   47.20   15.68     56.0 
2021  6 25 17 23 28   48.92   11.18     76.0 
2021  6 25 17 23 52   47.00   15.07    -36.0 
2021  6 25 17 23 59   46.44   12.14     79.0 
2021  6 25 17 24 43   46.50   12.81     36.0 
2021  6 25 17 24 46   47.02   15.06    -51.0 
2021  6 25 17 24 46   47.02   15.06    -18.0 
2021  6 25 17 24 46   47.02   15.06    -24.0 
2021  6 25 17 24 46   47.02   15.06    -28.0 
2021  6 25 17 25 10   46.71   11.43    -14.0 
2021  6 25 17 25 48   46.50   12.42    -34.0 
2021  6 25 17 26 19   46.64   11.36     34.0 
2021  6 25 17 28  1   46.41   12.15     31.0 
2021  6 25 17 28  4   46.58   12.91     35.0 
2021  6 25 17 28  4   46.62   11.31     61.0 
2021  6 25 17 28 37   47.04   15.05    -18.0 
2021  6 25 17 28 51   47.10   15.25    -51.0 
2021  6 25 17 28 55   46.50   12.85     22.0 
2021  6 25 17 29 53   46.49   11.67    -23.0 
2021  6 25 17 30 10   47.09   15.22    -52.0 
2021  6 25 17 30 10   47.12   15.24    -26.0 
2021  6 25 17 30 29   47.23   15.69     32.0 
2021  6 25 17 31 36   46.59   12.91     55.0 
2021  6 25 17 32 41   48.43   13.81    -38.0 
2021  6 25 17 32 41   48.44   13.81     22.0 
2021  6 25 17 33 25   47.14   15.38     15.0 
2021  6 25 17 33 25   47.11   15.27    -38.0 
2021  6 25 17 33 25   47.14   15.29    -43.0 
2021  6 25 17 33 36   46.64   11.31     71.0 
2021  6 25 17 33 56   46.66   11.34    -13.0 
2021  6 25 17 34 45   47.21   15.36     31.0 
2021  6 25 17 34 53   47.14   15.27     21.0 
2021  6 25 17 35 16   46.57   12.88    107.0 
2021  6 25 17 35 21   47.16   15.32     10.0 
2021  6 25 17 36 25   47.63   15.20   -424.0 
2021  6 25 17 37 53   46.79   15.92    168.0 
2021  6 25 17 38 45   46.60   11.27     37.0 
2021  6 25 17 39  3   46.64   11.31    -14.0 
2021  6 25 17 39 11   46.33   12.72    102.0 
2021  6 25 17 39 16   46.39   11.75    -35.0 
2021  6 25 17 39 16   46.39   11.75    -19.0 
2021  6 25 17 39 16   46.62   11.28     34.0 
2021  6 25 17 39 16   46.40   11.75    -19.0 
2021  6 25 17 39 27   47.19   15.34    -17.0 
2021  6 25 17 39 27   47.17   15.31    -22.0 
2021  6 25 17 39 28   47.16   15.31   -100.0 
2021  6 25 17 39 28   47.15   15.30    -27.0 
2021  6 25 17 39 28   47.16   15.30    -34.0 
2021  6 25 17 39 36   47.07   14.30    -32.0 
2021  6 25 17 39 36   47.06   14.31     11.0 
2021  6 25 17 39 54   46.89   15.08    -32.0 
2021  6 25 17 40 10   46.79   15.95     99.0 
2021  6 25 17 40 27   47.17   15.30     11.0 
2021  6 25 17 40 55   47.17   15.31    -12.0 
2021  6 25 17 40 56   47.13   15.27    -96.0 
2021  6 25 17 41 12   47.22   15.26    -32.0 
2021  6 25 17 41 12   47.22   15.26    -38.0 
2021  6 25 17 41 19   47.18   15.34    -17.0 
2021  6 25 17 42  7   46.90   15.10     30.0 
2021  6 25 17 42 10   47.15   15.33     16.0 
2021  6 25 17 42 30   47.15   15.30    -18.0 
2021  6 25 17 42 30   47.17   15.33    -18.0 
2021  6 25 17 42 31   47.18   15.36    -24.0 
2021  6 25 17 42 56   47.18   15.32     18.0 
2021  6 25 17 43 19   46.91   15.08    -24.0 
2021  6 25 17 43 28   47.10   15.22   -106.0 
2021  6 25 17 43 54   47.20   15.34     14.0 
2021  6 25 17 44  4   48.19   14.32     60.0 
2021  6 25 17 44 11   46.77   15.99    -46.0 
2021  6 25 17 44 32   46.78   15.98    194.0 
2021  6 25 17 44 51   47.07   15.10    -64.0 
2021  6 25 17 44 52   47.07   15.10    -26.0 
2021  6 25 17 45 43   46.79   15.95     84.0 
2021  6 25 17 45 54   46.42   11.69    -37.0 
2021  6 25 17 46  2   47.13   15.32    -60.0 
2021  6 25 17 46  3   47.13   15.37    -15.0 
2021  6 25 17 46 23   47.16   15.33     28.0 
2021  6 25 17 46 24   47.11   15.23    -47.0 
2021  6 25 17 46 24   47.11   15.24    -29.0 
2021  6 25 17 46 24   47.15   15.25    -16.0 
2021  6 25 17 46 28   46.84   14.99    -68.0 
2021  6 25 17 47  8   46.78   15.97    -14.0 
2021  6 25 17 47 34   46.40   11.77     32.0 
2021  6 25 17 47 38   47.08   14.35     76.0 
2021  6 25 17 47 39   47.10   15.31    -16.0 
2021  6 25 17 47 58   47.12   15.21    -48.0 
2021  6 25 17 47 58   47.20   15.41    -40.0 
2021  6 25 17 48 42   46.63   13.02    -17.0 
2021  6 25 17 48 47   46.40   11.76    -31.0 
2021  6 25 17 48 47   46.41   11.76    -20.0 
2021  6 25 17 48 47   46.39   11.78    -17.0 
2021  6 25 17 49 27   47.17   15.30    -71.0 
2021  6 25 17 49 27   47.16   15.32    -19.0 
2021  6 25 17 49 28   47.17   15.31    -24.0 
2021  6 25 17 49 28   47.15   15.22    -32.0 
2021  6 25 17 49 28   47.10   15.14    -36.0 
2021  6 25 17 49 28   47.12   15.17    -23.0 
2021  6 25 17 49 28   47.17   15.20    -24.0 
2021  6 25 17 49 28   47.18   15.21    -27.0 
2021  6 25 17 49 40   47.18   15.33     16.0 
2021  6 25 17 49 48   46.39   11.79    -16.0 
2021  6 25 17 49 57   46.45   11.58     33.0 
2021  6 25 17 50  9   47.18   15.36    -12.0 
2021  6 25 17 50 43   47.13   15.32    -97.0 
2021  6 25 17 50 43   47.14   15.31    -38.0 
2021  6 25 17 50 43   47.18   15.36    -10.0 
2021  6 25 17 51 18   46.40   11.87     26.0 
2021  6 25 17 51 43   47.14   15.36    -83.0 
2021  6 25 17 51 43   47.15   15.36    -24.0 
2021  6 25 17 51 43   47.14   15.36    -73.0 
2021  6 25 17 51 43   47.13   15.22     24.0 
2021  6 25 17 51 52   46.71   14.89   -137.0 
2021  6 25 17 51 52   46.71   14.89    -48.0 
2021  6 25 17 51 52   46.69   14.87    -23.0 
2021  6 25 17 52 21   46.81   15.95     41.0 
2021  6 25 17 52 39   47.15   15.36    -43.0 
2021  6 25 17 52 39   47.15   15.36    -41.0 
2021  6 25 17 52 49   46.40   12.52    -34.0 
2021  6 25 17 52 49   46.39   12.52    -18.0 
2021  6 25 17 53  4   46.42   11.75     46.0 
2021  6 25 17 53 31   46.43   11.77    -39.0 
2021  6 25 17 53 33   47.15   15.37    -48.0 
2021  6 25 17 53 33   47.15   15.37    -19.0 
2021  6 25 17 53 33   47.15   15.38    -45.0 
2021  6 25 17 53 33   47.18   15.33    -20.0 
2021  6 25 17 53 40   48.33   13.89    -70.0 
2021  6 25 17 54  6   46.40   11.88     28.0 
2021  6 25 17 54  7   46.39   12.27    -23.0 
2021  6 25 17 54  7   46.39   12.28    -32.0 
2021  6 25 17 54 15   46.44   11.79     12.0 
2021  6 25 17 54 45   46.39   11.78    -12.0 
2021  6 25 17 56 33   46.42   11.86     31.0 
2021  6 25 17 56 35   46.41   12.54    -25.0 
2021  6 25 17 56 36   46.41   12.52    -14.0 
2021  6 25 17 56 55   47.16   15.29     39.0 
2021  6 25 17 56 55   47.16   15.34     20.0 
2021  6 25 17 57 12   46.39   11.80    -16.0 
2021  6 25 17 57 13   46.43   11.79    -14.0 
2021  6 25 17 58  8   46.70   14.92    -52.0 
2021  6 25 17 58  8   46.69   14.93    -73.0 
2021  6 25 17 58  8   46.68   14.92    -56.0 
2021  6 25 17 58  8   46.69   14.93    -43.0 
2021  6 25 17 58 24   47.00   15.20    -57.0 
2021  6 25 17 58 30   46.41   12.54     21.0 
2021  6 25 17 58 51   47.20   15.36    -52.0 
2021  6 25 17 58 51   47.25   15.36     46.0 
2021  6 25 17 58 54   48.73   14.87    -95.0 
2021  6 25 17 59  6   47.12   15.31      5.0 
2021  6 25 17 59 15   46.54   13.08     36.0 
2021  6 25 17 59 58   47.18   14.42     25.0 
2021  6 25 18  0 29   48.24   14.40     61.0 
2021  6 25 18  0 44   46.40   12.55    -36.0 
2021  6 25 18  1 26   46.94   15.16    105.0 
2021  6 25 18  1 26   46.95   15.19     22.0 
2021  6 25 18  2 17   47.22   15.37     72.0 
2021  6 25 18  2 17   47.23   15.37     37.0 
2021  6 25 18  2 17   47.21   15.30    -20.0 
2021  6 25 18  4 12   46.49   15.70    -35.0 
2021  6 25 18  4 46   46.83   15.09   -116.0 
2021  6 25 18  4 46   46.90   15.15    -58.0 
2021  6 25 18  4 46   46.92   15.17    -29.0 
2021  6 25 18  4 46   46.90   15.14    -39.0 
2021  6 25 18  4 47   46.85   15.13    -29.0 
2021  6 25 18  4 47   46.91   15.14    -39.0 
2021  6 25 18  4 47   46.93   15.17    -42.0 
2021  6 25 18  5 26   47.30   15.38    -82.0 
2021  6 25 18  5 26   47.29   15.37    -34.0 
2021  6 25 18  5 27   47.29   15.38    -52.0 
2021  6 25 18  5 35   46.47   15.70    -22.0 
2021  6 25 18  5 35   46.51   15.71     24.0 
2021  6 25 18  6 50   47.24   15.37     18.0 
2021  6 25 18  7  2   46.50   15.73     22.0 
2021  6 25 18  8 11   46.49   11.46    -35.0 
2021  6 25 18  8 11   46.50   11.46    -19.0 
2021  6 25 18  8 11   46.50   11.46    -23.0 
2021  6 25 18  8 12   46.49   11.46    -17.0 
2021  6 25 18  9 47   48.49   10.75     79.0 
2021  6 25 18 10 51   46.91   15.12     24.0 
2021  6 25 18 11 18   46.50   13.02    -25.0 
2021  6 25 18 12 49   47.90   15.30   -141.0 
2021  6 25 18 12 49   47.91   15.29    -30.0 
2021  6 25 18 12 49   47.90   15.29    -26.0 
2021  6 25 18 12 56   46.49   15.75    -31.0 
2021  6 25 18 13  0   46.26   12.50    -25.0 
2021  6 25 18 13  9   46.90   15.17     22.0 
2021  6 25 18 13 10   47.20   15.32    -86.0 
2021  6 25 18 13 11   46.53   13.07     44.0 
2021  6 25 18 13 19   46.55   11.34    -10.0 
2021  6 25 18 13 19   46.53   11.37     27.0 
2021  6 25 18 13 40   46.46   15.76    -21.0 
2021  6 25 18 14 33   46.88   15.17     18.0 
2021  6 25 18 15  5   46.25   12.50     16.0 
2021  6 25 18 15 40   47.05   15.34    -72.0 
2021  6 25 18 15 40   47.05   15.34    -51.0 
2021  6 25 18 15 40   47.05   15.34    -23.0 
2021  6 25 18 16 50   46.66   15.93    -52.0 
2021  6 25 18 17 34   46.51   11.53     41.0 
2021  6 25 18 17 35   46.52   11.54    -42.0 
2021  6 25 18 17 35   46.53   11.55    -27.0 
2021  6 25 18 17 37   46.55   11.17    -17.0 
2021  6 25 18 17 37   46.53   11.20     71.0 
2021  6 25 18 18 10   47.06   15.32    -38.0 
2021  6 25 18 18 10   47.08   15.33    -23.0 
2021  6 25 18 18 10   47.08   15.31    -25.0 
2021  6 25 18 18 10   47.07   15.32    -46.0 
2021  6 25 18 19 50   46.67   16.00    -98.0 
2021  6 25 18 19 56   48.52   10.89    -52.0 
2021  6 25 18 20  5   48.68   15.39     78.0 
2021  6 25 18 20 33   47.06   15.37    -44.0 
2021  6 25 18 20 33   47.05   15.33    -50.0 
2021  6 25 18 20 33   47.07   15.34    -14.0 
2021  6 25 18 20 33   47.08   15.35    -12.0 
2021  6 25 18 21 45   46.29   12.50     26.0 
2021  6 25 18 22 40   48.28   14.03     71.0 
2021  6 25 18 22 50   46.53   11.17     24.0 
2021  6 25 18 23  6   46.59   15.83     56.0 
2021  6 25 18 23  8   47.08   15.34    -28.0 
2021  6 25 18 24 19   46.53   11.15    -42.0 
2021  6 25 18 25 17   46.29   12.52    -14.0 
2021  6 25 18 25 23   46.28   12.51    -32.0 
2021  6 25 18 26 49   46.54   15.89    -15.0 
2021  6 25 18 26 56   46.48   11.54     20.0 
2021  6 25 18 27 53   47.08   15.37    -42.0 
2021  6 25 18 29  6   46.61   15.93     46.0 
2021  6 25 18 29 30   47.06   15.38     26.0 
2021  6 25 18 30 25   46.35   11.28    -27.0 
2021  6 25 18 31 26   46.31   10.92     54.0 
2021  6 25 18 32  2   48.51   10.91    -24.0 
2021  6 25 18 32 53   46.32   11.80    -48.0 
2021  6 25 18 33 36   47.82   14.74    -55.0 
2021  6 25 18 33 37   47.88   14.75     32.0 
2021  6 25 18 39  0   46.25   11.64    -68.0 
2021  6 25 18 40 21   46.26   12.57     26.0 
2021  6 25 18 41 23   46.20   12.03    -24.0 
2021  6 25 18 41 27   48.65   15.52    -73.0 
2021  6 25 18 42 23   46.66   15.86     19.0 
2021  6 25 18 45 52   48.63   15.54    -20.0 
2021  6 25 18 47  1   46.27   12.60    -18.0 
2021  6 25 18 48 28   46.34   11.83     63.0 
2021  6 25 18 48 42   46.27   12.59    -20.0 
2021  6 25 18 49  3   46.35   11.49     51.0 
2021  6 25 18 49 58   46.34   11.83    -15.0 
2021  6 25 18 49 59   48.44   10.98    -53.0 
2021  6 25 18 49 59   48.43   10.93    -14.0 
2021  6 25 18 51 53   46.28   12.59    -21.0 
2021  6 25 18 52 41   46.25   12.60    -12.0 
2021  6 25 18 53 52   46.69   15.93    -81.0 
2021  6 25 18 55 25   46.69   15.92     40.0 
2021  6 25 18 55 25   46.70   15.91      6.0 
2021  6 25 18 56 13   46.37   11.55     44.0 
2021  6 25 18 57 43   46.38   11.56    -14.0 
2021  6 25 18 58  9   46.24   12.16     11.0 
2021  6 25 18 58 17   46.22   12.11    -22.0 
2021  6 25 18 58 38   46.70   15.92     53.0 
2021  6 25 18 58 42   48.41   15.10    -33.0 
2021  6 25 18 59 37   48.29   14.05    -33.0 
2021  6 25 19  0 40   46.24   12.11     38.0 
2021  6 25 19  2 46   46.32   11.53     98.0 
2021  6 25 19  2 54   46.68   15.84    -24.0 
2021  6 25 19  2 54   46.65   15.88     15.0 
2021  6 25 19  3 44   46.26   10.14     15.0 
2021  6 25 19  3 44   46.27   10.13    -20.0 
2021  6 25 19  5 23   48.21   14.16     45.0 
2021  6 25 19  6 41   46.22   12.14    -32.0 
2021  6 25 19  7  9   46.23   12.15    -11.0 
2021  6 25 19  7 18   46.74   15.98    -41.0 
2021  6 25 19  7 19   46.23   12.15     -9.0 
2021  6 25 19  7 32   46.19   12.23     26.0 
2021  6 25 19  7 41   48.63   15.52     40.0 
2021  6 25 19  8 44   48.17   14.20    -98.0 
2021  6 25 19  9 28   46.74   15.98     23.0 
2021  6 25 19  9 28   46.75   15.87     21.0 
2021  6 25 19 12 27   48.61   14.89     57.0 
2021  6 25 19 12 28   48.62   14.89    -18.0 
2021  6 25 19 12 28   48.61   15.39    -21.0 
2021  6 25 19 15  7   48.62   15.42    -22.0 
2021  6 25 19 15 16   48.63   14.92     59.0 
2021  6 25 19 15 35   46.26   11.54     27.0 
2021  6 25 19 15 35   46.27   11.53     24.0 
2021  6 25 19 16 43   46.24   11.68    -40.0 
2021  6 25 19 17 17   46.26   11.51     16.0 
2021  6 25 19 17 19   46.20   12.21    -24.0 
2021  6 25 19 18  8   48.61   15.42     23.0 
2021  6 25 19 18 31   46.19   12.70     27.0 
2021  6 25 19 18 41   48.58   15.54     70.0 
2021  6 25 19 18 42   48.61   15.54     44.0 
2021  6 25 19 19  9   46.24   11.54    -17.0 
2021  6 25 19 19 25   46.22   12.72    -16.0 
2021  6 25 19 19 31   48.56   14.78     80.0 
2021  6 25 19 20  5   48.59   15.19     68.0 
2021  6 25 19 20  6   46.24   11.67    -18.0 
2021  6 25 19 20 18   46.18   12.66    -17.0 
2021  6 25 19 20 31   46.16   12.67    -15.0 
2021  6 25 19 20 52   48.12   14.26   -111.0 
2021  6 25 19 21  7   48.59   15.54     13.0 
2021  6 25 19 22  7   46.25   11.71    -36.0 
2021  6 25 19 23 22   46.17   12.70    -39.0 
2021  6 25 19 23 43   46.18   12.65     16.0 
2021  6 25 19 23 43   46.16   12.66    -26.0 
2021  6 25 19 23 43   46.17   12.67     16.0 
2021  6 25 19 23 50   46.19   13.01    -23.0 
2021  6 25 19 24  1   46.25   12.66     44.0 
2021  6 25 19 24 31   46.16   12.71    -19.0 
2021  6 25 19 24 46   46.82   15.93    -68.0 
2021  6 25 19 24 46   46.82   15.92    -50.0 
2021  6 25 19 24 46   46.84   15.93    -65.0 
2021  6 25 19 24 47   46.85   15.93    -34.0 
2021  6 25 19 24 47   46.82   15.91    -45.0 
2021  6 25 19 26 29   46.17   12.29   -126.0 
2021  6 25 19 26 30   46.19   12.28    -17.0 
2021  6 25 19 26 33   46.24   11.73    -37.0 
2021  6 25 19 26 34   46.15   12.67     19.0 
2021  6 25 19 26 52   46.17   12.28    -49.0 
2021  6 25 19 27  7   46.14   12.67    -53.0 
2021  6 25 19 27 28   46.16   12.30    -77.0 
2021  6 25 19 27 46   46.81   15.96    -19.0 
2021  6 25 19 28 51   46.22   11.72    -35.0 
2021  6 25 19 29  6   46.15   12.67      8.0 
2021  6 25 19 29 18   46.64   15.93    -41.0 
2021  6 25 19 36 47   46.17   12.31     54.0 
2021  6 25 19 37 28   46.89   15.94    -39.0 
2021  6 25 19 38 43   48.55   15.30    107.0 
2021  6 25 19 39 53   46.90   15.94    -28.0 
2021  6 25 19 40  2   46.08   12.72    -29.0 
2021  6 25 19 40 25   48.65   14.92    -56.0 
2021  6 25 19 40 31   46.14   12.68    -31.0 
2021  6 25 19 43  0   46.12   12.72    -16.0 
2021  6 25 19 43 25   48.58   15.53    103.0 
2021  6 25 19 44 55   46.09   12.70     52.0 
2021  6 25 19 46  7   46.22   11.87     45.0 
2021  6 25 19 46 50   46.70   15.98     46.0 
2021  6 25 19 46 50   46.72   15.93    -31.0 
2021  6 25 19 46 53   46.86   14.32    -41.0 
2021  6 25 19 47 59   46.16   12.13     30.0 
2021  6 25 19 49 17   46.12   12.70     28.0 
2021  6 25 19 50  7   46.11   12.71    -15.0 
2021  6 25 19 51 27   46.10   12.72    -43.0 
2021  6 25 19 52 32   46.10   12.76    -19.0 
2021  6 25 19 52 58   46.88   14.33     61.0 
2021  6 25 19 54  5   46.08   12.74     29.0 
2021  6 25 19 54  5   46.13   12.75     -4.0 
2021  6 25 19 54  6   46.11   12.73    -20.0 
2021  6 25 19 55  8   46.90   14.36    -30.0 
2021  6 25 19 58 31   47.87   13.81   -100.0 
2021  6 25 20  2 15   46.03   12.52    -29.0 
2021  6 25 20  4  6   46.91   14.40   -137.0 
2021  6 25 20  4  6   46.92   14.39    -28.0 
2021  6 25 20  6 10   46.16   11.82    -27.0 
2021  6 25 20  6 14   46.91   14.42   -116.0 
2021  6 25 20  7 17   47.96   13.83     82.0 
2021  6 25 20  8 21   46.00   12.45     30.0 
2021  6 25 20 11  5   46.03   12.54     24.0 
2021  6 25 20 11 45   46.91   14.42    -27.0 
2021  6 25 20 11 45   46.91   14.42    -26.0 
2021  6 25 20 11 45   46.91   14.43    -22.0 
2021  6 25 20 11 45   46.91   14.42    -29.0 
2021  6 25 20 12 11   46.05   12.51     33.0 
2021  6 25 20 12 28   46.16   11.98    -36.0 
2021  6 25 20 16  7   46.13   11.85    -61.0 
2021  6 25 20 17 22   46.09   11.86    -23.0 
2021  6 25 20 18 18   46.11   11.84    -18.0 
2021  6 25 20 21 18   47.00   14.58    -56.0 
2021  6 25 20 24 45   46.92   14.47     29.0 
2021  6 25 20 26 58   46.94   14.47    -22.0 
2021  6 25 20 30  2   46.06   11.86     25.0 
2021  6 25 20 51 12   46.03   11.92    -27.0 
2021  6 25 20 54  9   46.03   11.18    -52.0 
2021  6 25 21  0 44   46.99   15.09    -34.0 
2021  6 25 21  5  9   46.78   14.97    -54.0 
2021  6 25 21  5  9   46.79   14.99    -45.0 
2021  6 25 21  9 15   46.81   14.87    -53.0 
2021  6 25 21 11 26   46.09   11.57    -20.0 
2021  6 25 21 16  3   46.83   14.89     22.0 
2021  6 25 21 16  3   46.81   14.86     22.0 
2021  6 25 21 17 24   46.81   14.88    -30.0 
2021  6 25 21 17 24   46.82   14.90     22.0 
2021  6 25 21 18  6   46.82   14.88     14.0 
2021  6 25 21 18 53   46.86   14.90    -19.0 
2021  6 25 21 21 34   46.90   14.94    -28.0 
2021  6 25 21 21 34   46.91   14.95    -19.0 
2021  6 25 21 29 30   46.79   14.94     37.0 
2021  6 25 21 31 36   46.82   14.91     20.0 
2021  6 25 21 32 22   46.01   11.45    -20.0 
2021  6 25 21 36 14   46.04   11.45    -55.0 
2021  6 25 21 37 14   46.86   14.95   -338.0 
2021  6 25 21 37 14   46.88   14.96    -20.0 
2021  6 25 21 44 25   46.87   14.94     30.0 
2021  6 25 21 50 50   46.02   11.48    -27.0 
