2021  6  6  0 58 56   46.05   11.84     88.0 
2021  6  6  1 48 24   46.00   12.13      3.0 
2021  6  6  1 58 20   46.04   12.26   -113.0 
2021  6  6  2  2 29   46.04   12.25     27.0 
2021  6  6  2  4  4   46.06   12.33      9.0 
2021  6  6  2 13 10   46.07   13.17     99.0 
2021  6  6  2 17  7   46.06   12.54     68.0 
2021  6  6  2 19 39   46.00   12.32     25.0 
2021  6  6  2 22  0   46.07   12.57     50.0 
2021  6  6  2 24 41   46.07   12.55     54.0 
2021  6  6  2 24 43   46.04   12.51     -9.0 
2021  6  6  2 26 54   46.08   12.66     41.0 
2021  6  6  2 26 55   46.10   12.53    -41.0 
2021  6  6  2 26 55   46.09   12.53    -15.0 
2021  6  6  2 28 56   46.04   12.33    -19.0 
2021  6  6  2 30 28   46.12   12.50    -10.0 
2021  6  6  2 30 28   46.12   12.51    -62.0 
2021  6  6  2 30 28   46.11   12.47     -2.0 
2021  6  6  2 30 28   46.15   12.52     -3.0 
2021  6  6  2 33 15   46.12   12.54    -14.0 
2021  6  6  2 56 10   46.00   12.71      4.0 
2021  6  6  2 56 10   46.01   12.74      2.0 
2021  6  6  7 11 44   46.16   15.95     62.0 
2021  6  6 11 20 26   46.56   11.26    -21.0 
2021  6  6 11 21 46   49.79   11.53     33.0 
2021  6  6 11 26 45   46.56   11.27     16.0 
2021  6  6 11 26 45   46.56   11.26     30.0 
2021  6  6 11 45 49   49.87   11.52    -67.0 
2021  6  6 11 46 22   49.63   12.37     77.0 
2021  6  6 12 18 54   49.46   12.72     38.0 
2021  6  6 12 20 38   46.50   11.06    -19.0 
2021  6  6 12 20 41   52.09   12.45    -38.0 
2021  6  6 12 24 17   49.71   11.21     83.0 
2021  6  6 12 24 17   49.73   11.23      6.0 
2021  6  6 12 31 56   49.47   12.72    -18.0 
2021  6  6 12 42 25   46.38   11.03   -107.0 
2021  6  6 12 42 25   46.39   11.09    -17.0 
2021  6  6 12 44 48   50.47   12.08    -19.0 
2021  6  6 12 46  5   46.20   11.37    -12.0 
2021  6  6 12 46  5   46.21   11.38    -19.0 
2021  6  6 12 47 47   46.19   11.33    -24.0 
2021  6  6 12 47 47   46.18   11.35     -3.0 
2021  6  6 12 48 43   46.20   11.33     30.0 
2021  6  6 12 50 42   46.20   11.31     -3.0 
2021  6  6 12 50 53   50.30   10.77     19.0 
2021  6  6 12 50 53   50.27   10.77    -40.0 
2021  6  6 12 50 53   50.28   10.79    -15.0 
2021  6  6 12 51 27   46.18   11.35      8.0 
2021  6  6 12 52  9   46.21   11.34     -9.0 
2021  6  6 12 54 49   46.18   11.28     17.0 
2021  6  6 12 58  2   49.96   11.62    -13.0 
2021  6  6 12 58  4   51.20   11.61     19.0 
2021  6  6 13  2 48   49.99   11.64    -35.0 
2021  6  6 13  5  7   49.58   12.14     47.0 
2021  6  6 13  5  7   49.62   12.16     44.0 
2021  6  6 13  5  7   49.59   12.17    -10.0 
2021  6  6 13  5 18   49.51   12.53    -16.0 
2021  6  6 13  9 31   50.01   12.17    -22.0 
2021  6  6 13  9 31   49.64   12.12    -17.0 
2021  6  6 13 10 23   49.63   11.98    -29.0 
2021  6  6 13 10 23   49.63   12.01      2.0 
2021  6  6 13 10 23   49.62   12.04    -13.0 
2021  6  6 13 10 33   49.13   11.26     87.0 
2021  6  6 13 12 19   49.63   12.00     -2.0 
2021  6  6 13 12 30   49.62   12.02     -6.0 
2021  6  6 13 12 30   49.64   12.03     -5.0 
2021  6  6 13 12 38   49.99   12.14     49.0 
2021  6  6 13 12 38   50.00   12.18    -12.0 
2021  6  6 13 12 43   49.63   12.00     12.0 
2021  6  6 13 13 52   49.63   11.99      8.0 
2021  6  6 13 14 44   49.64   11.99    -11.0 
2021  6  6 13 16  5   49.63   11.99    -12.0 
2021  6  6 13 16  5   49.63   11.97     22.0 
2021  6  6 13 16 51   49.63   12.00      2.0 
2021  6  6 13 17 14   49.61   11.95     12.0 
2021  6  6 13 17 16   49.62   11.93     -2.0 
2021  6  6 13 19 35   49.64   12.04      2.0 
2021  6  6 13 19 35   49.64   11.98    -20.0 
2021  6  6 13 19 36   49.63   11.99     -8.0 
2021  6  6 13 20 51   49.67   12.01     16.0 
2021  6  6 13 21 46   49.62   12.01     26.0 
2021  6  6 13 22  7   49.53   12.26    104.0 
2021  6  6 13 22  7   49.53   12.25     -2.0 
2021  6  6 13 29  7   49.64   11.93     12.0 
2021  6  6 13 29 29   49.64   11.94     -1.0 
2021  6  6 13 29 33   49.63   11.98     11.0 
2021  6  6 13 31  4   49.49   12.20   -102.0 
2021  6  6 13 31 12   46.20   13.13     55.0 
2021  6  6 13 31 53   46.22   13.13     -1.0 
2021  6  6 13 34 56   46.24   13.12      1.0 
2021  6  6 13 36 55   46.22   13.07     13.0 
2021  6  6 13 37 33   46.24   13.13    -12.0 
2021  6  6 13 38  3   51.61   12.31    -19.0 
2021  6  6 13 38 10   46.22   13.07    -22.0 
2021  6  6 13 38 26   46.24   13.14      4.0 
2021  6  6 13 38 37   46.02   11.02    -47.0 
2021  6  6 13 38 41   46.22   13.08      2.0 
2021  6  6 13 39  0   50.17   11.17    -16.0 
2021  6  6 13 39  0   50.17   11.16    -11.0 
2021  6  6 13 39 19   46.22   13.04     37.0 
2021  6  6 13 39 37   46.23   13.08      2.0 
2021  6  6 13 39 45   46.23   13.10      8.0 
2021  6  6 13 39 58   46.19   13.01      8.0 
2021  6  6 13 39 58   46.22   13.02      2.0 
2021  6  6 13 39 58   46.23   13.10     -4.0 
2021  6  6 13 39 58   46.22   13.08      4.0 
2021  6  6 13 40 17   46.18   13.03     10.0 
2021  6  6 13 40 24   46.23   13.10     -3.0 
2021  6  6 13 40 24   46.23   13.13      2.0 
2021  6  6 13 40 29   46.21   13.11      1.0 
2021  6  6 13 40 35   46.26   13.13    -10.0 
2021  6  6 13 41  9   46.21   13.06     -7.0 
2021  6  6 13 41 18   46.03   11.05     24.0 
2021  6  6 13 41 19   46.02   11.07      6.0 
2021  6  6 13 41 30   46.23   13.12    -43.0 
2021  6  6 13 41 30   46.24   13.10    -12.0 
2021  6  6 13 41 30   46.25   13.15      3.0 
2021  6  6 13 41 38   46.20   13.10      3.0 
2021  6  6 13 41 38   46.19   13.14     -2.0 
2021  6  6 13 41 40   46.21   13.12      3.0 
2021  6  6 13 41 49   46.22   13.09    -48.0 
2021  6  6 13 41 49   46.23   13.13      6.0 
2021  6  6 13 41 49   46.20   13.03     -5.0 
2021  6  6 13 41 57   46.23   13.12      3.0 
2021  6  6 13 42 19   46.20   13.09     46.0 
2021  6  6 13 42 26   46.23   13.16     -2.0 
2021  6  6 13 42 45   46.24   13.09     -5.0 
2021  6  6 13 42 45   46.21   13.12     36.0 
2021  6  6 13 42 45   46.22   13.09     -8.0 
2021  6  6 13 42 45   46.22   13.10      2.0 
2021  6  6 13 42 45   46.24   13.09     17.0 
2021  6  6 13 42 57   50.00   12.29    -31.0 
2021  6  6 13 43  2   50.19   11.15    -60.0 
2021  6  6 13 43  4   46.22   13.13    -13.0 
2021  6  6 13 43 10   49.61   12.86     29.0 
2021  6  6 13 43 18   46.19   13.03     -5.0 
2021  6  6 13 43 18   46.22   13.12     -2.0 
2021  6  6 13 43 38   46.22   13.10     -8.0 
2021  6  6 13 43 48   46.19   13.03     -5.0 
2021  6  6 13 43 58   49.65   11.86     36.0 
2021  6  6 13 44 11   46.22   13.12     24.0 
2021  6  6 13 44 34   46.25   13.11     47.0 
2021  6  6 13 45 12   46.22   13.15     -5.0 
2021  6  6 13 45 17   49.62   12.88    -16.0 
2021  6  6 13 45 27   46.24   13.09     10.0 
2021  6  6 13 45 46   49.43   12.45     80.0 
2021  6  6 13 45 46   49.45   12.47     -3.0 
2021  6  6 13 45 50   46.23   13.12     11.0 
2021  6  6 13 45 50   46.23   13.10      2.0 
2021  6  6 13 45 50   46.21   13.09    -13.0 
2021  6  6 13 46 30   46.24   13.12      5.0 
2021  6  6 13 46 53   46.24   13.14     15.0 
2021  6  6 13 47  9   46.23   13.11     -4.0 
2021  6  6 13 47 19   49.61   12.87    -16.0 
2021  6  6 13 47 21   49.55   12.11    -16.0 
2021  6  6 13 47 38   46.25   13.16    -17.0 
2021  6  6 13 47 52   46.24   13.13    -14.0 
2021  6  6 13 47 52   46.24   13.13     -2.0 
2021  6  6 13 48 11   46.23   13.11     -3.0 
2021  6  6 13 48 31   46.23   13.13      2.0 
2021  6  6 13 49 14   46.23   13.12    -24.0 
2021  6  6 13 49 19   49.45   12.45     14.0 
2021  6  6 13 49 19   49.43   12.44     -4.0 
2021  6  6 13 49 30   46.26   13.15      5.0 
2021  6  6 13 49 46   46.24   13.19      3.0 
2021  6  6 13 49 54   46.22   13.12    -26.0 
2021  6  6 13 50 32   46.26   13.13    -19.0 
2021  6  6 13 50 32   46.25   13.14      4.0 
2021  6  6 13 50 40   46.23   13.11    -13.0 
2021  6  6 13 51 19   49.64   12.82    -29.0 
2021  6  6 13 51 19   49.61   12.78    -23.0 
2021  6  6 13 51 24   46.08   11.12     12.0 
2021  6  6 13 52 14   46.24   13.17      3.0 
2021  6  6 13 52 58   46.23   13.07      2.0 
2021  6  6 13 53 40   49.43   12.38     78.0 
2021  6  6 13 54  1   46.24   13.18      2.0 
2021  6  6 13 54 41   46.25   13.24    -24.0 
2021  6  6 13 54 56   46.23   12.94     33.0 
2021  6  6 13 55 49   49.53   11.58    -45.0 
2021  6  6 13 55 49   49.51   11.57    -20.0 
2021  6  6 13 55 49   49.51   11.58    -38.0 
2021  6  6 13 55 49   49.51   11.58    -21.0 
2021  6  6 13 56  1   46.23   13.14     14.0 
2021  6  6 13 56  7   46.23   12.95     21.0 
2021  6  6 13 56 22   46.24   13.14    -11.0 
2021  6  6 13 56 33   49.46   12.44    -23.0 
2021  6  6 13 56 50   46.22   13.10    -51.0 
2021  6  6 13 56 50   46.22   13.12     11.0 
2021  6  6 13 56 50   46.28   13.15    -13.0 
2021  6  6 13 56 50   46.22   13.14    -12.0 
2021  6  6 13 57 14   49.62   11.74     26.0 
2021  6  6 13 57 26   46.21   13.09     16.0 
2021  6  6 13 57 26   46.20   13.07     48.0 
2021  6  6 13 57 46   46.21   13.09     -4.0 
2021  6  6 13 58  7   46.23   13.14     -4.0 
2021  6  6 13 58 22   49.46   12.42     -4.0 
2021  6  6 13 58 51   49.51   11.39    -29.0 
2021  6  6 13 58 52   46.26   13.13     -4.0 
2021  6  6 13 58 58   49.61   12.82     18.0 
2021  6  6 13 58 58   49.62   12.79    -29.0 
2021  6  6 13 58 58   49.61   12.76      2.0 
2021  6  6 13 58 58   49.60   12.71     11.0 
2021  6  6 13 58 58   49.63   12.76    -11.0 
2021  6  6 13 58 58   49.63   12.77     -7.0 
2021  6  6 13 59 43   49.47   12.45    -32.0 
2021  6  6 14  0 11   46.28   13.17    -12.0 
2021  6  6 14  0 11   46.24   13.16     -2.0 
2021  6  6 14  0 11   46.24   13.13     -6.0 
2021  6  6 14  0 23   49.54   11.56     -9.0 
2021  6  6 14  0 42   46.08   11.07     65.0 
2021  6  6 14  1  2   49.65   12.81    -33.0 
2021  6  6 14  1  2   49.65   12.81    -15.0 
2021  6  6 14  1  2   49.65   12.80    -15.0 
2021  6  6 14  1  2   49.65   12.82     -2.0 
2021  6  6 14  1  2   49.62   12.78    -15.0 
2021  6  6 14  1  2   49.67   12.81    -10.0 
2021  6  6 14  1  2   49.62   12.75      2.0 
2021  6  6 14  1  2   49.65   12.80    -32.0 
2021  6  6 14  1  3   49.67   12.78    -17.0 
2021  6  6 14  1 22   46.25   13.13      8.0 
2021  6  6 14  1 35   46.10   11.13      4.0 
2021  6  6 14  2 43   46.10   11.10     29.0 
2021  6  6 14  2 58   49.63   12.83     -7.0 
2021  6  6 14  2 58   49.61   12.80      2.0 
2021  6  6 14  2 58   49.61   12.74    -15.0 
2021  6  6 14  3 14   49.46   12.22    -38.0 
2021  6  6 14  3 53   49.49   11.36    -59.0 
2021  6  6 14  4 22   49.61   12.80    -18.0 
2021  6  6 14  4 22   49.63   12.79      3.0 
2021  6  6 14  4 22   49.62   12.75     13.0 
2021  6  6 14  4 22   49.60   12.80      3.0 
2021  6  6 14  4 36   46.12   11.16    -22.0 
2021  6  6 14  4 36   46.10   11.15     -2.0 
2021  6  6 14  4 36   46.09   11.18     41.0 
2021  6  6 14  4 48   49.43   12.21     68.0 
2021  6  6 14  4 56   49.60   12.08    -20.0 
2021  6  6 14  4 56   49.58   12.10     -1.0 
2021  6  6 14  5 26   49.60   12.71    -14.0 
2021  6  6 14  5 26   49.62   12.76     -4.0 
2021  6  6 14  5 26   49.66   12.94    -34.0 
2021  6  6 14  6 58   49.58   11.69      9.0 
2021  6  6 14  6 58   49.59   11.69    -22.0 
2021  6  6 14  7 10   46.07   11.09     12.0 
2021  6  6 14  7 10   46.08   11.08     27.0 
2021  6  6 14  7 10   46.12   11.10     -4.0 
2021  6  6 14  7 33   49.56   11.67     -7.0 
2021  6  6 14  7 42   49.62   12.80    -29.0 
2021  6  6 14  7 42   49.66   12.80    -13.0 
2021  6  6 14  7 56   49.58   11.72     -7.0 
2021  6  6 14  8 52   46.10   11.13     -2.0 
2021  6  6 14 10 10   49.67   12.76    -54.0 
2021  6  6 14 10 10   49.63   12.72     71.0 
2021  6  6 14 10 10   49.66   12.77    -12.0 
2021  6  6 14 10 10   49.66   12.78    -23.0 
2021  6  6 14 10 10   49.67   12.77     -3.0 
2021  6  6 14 10 47   46.24   12.86    -77.0 
2021  6  6 14 10 47   46.26   12.96      3.0 
2021  6  6 14 10 47   46.27   12.95      5.0 
2021  6  6 14 11 15   46.16   14.38     31.0 
2021  6  6 14 12  1   46.01   11.21     30.0 
2021  6  6 14 12  1   46.01   11.23      2.0 
2021  6  6 14 12 13   49.61   12.13     -5.0 
2021  6  6 14 12 13   49.61   12.08    -17.0 
2021  6  6 14 12 13   49.62   12.08     -9.0 
2021  6  6 14 14 11   49.64   12.77    -79.0 
2021  6  6 14 14 11   49.62   12.71     16.0 
2021  6  6 14 14 11   49.63   12.77    -15.0 
2021  6  6 14 16 47   49.67   12.72    -23.0 
2021  6  6 14 16 47   49.62   12.68     -7.0 
2021  6  6 14 18 17   46.24   12.91     26.0 
2021  6  6 14 21  6   49.57   11.66    -43.0 
2021  6  6 14 21  6   49.57   11.67     23.0 
2021  6  6 14 21  6   49.61   11.68     -8.0 
2021  6  6 14 24  0   51.29   12.16     22.0 
2021  6  6 14 24  3   49.48   12.18    -67.0 
2021  6  6 14 24  3   49.49   12.23     33.0 
2021  6  6 14 24  3   49.51   12.25    -18.0 
2021  6  6 14 24 41   51.28   12.17      3.0 
2021  6  6 14 25 19   51.28   12.12      7.0 
2021  6  6 14 25 27   51.28   12.12     -6.0 
2021  6  6 14 25 58   51.29   12.16     20.0 
2021  6  6 14 26  7   51.30   12.17      3.0 
2021  6  6 14 26  7   51.29   12.17      2.0 
2021  6  6 14 26 36   51.27   12.11      8.0 
2021  6  6 14 26 36   51.26   12.10     10.0 
2021  6  6 14 26 36   51.27   12.12      8.0 
2021  6  6 14 26 36   51.28   12.15     -2.0 
2021  6  6 14 26 36   51.28   12.18     16.0 
2021  6  6 14 26 44   51.29   12.18    -15.0 
2021  6  6 14 26 45   49.55   11.72    -21.0 
2021  6  6 14 26 45   49.53   11.69    -16.0 
2021  6  6 14 26 45   49.55   11.71    -11.0 
2021  6  6 14 26 57   46.20   13.30     59.0 
2021  6  6 14 27  1   51.28   12.13      2.0 
2021  6  6 14 27  1   51.31   12.16      4.0 
2021  6  6 14 27  1   51.28   12.14     -7.0 
2021  6  6 14 27  7   51.30   12.17    -25.0 
2021  6  6 14 27 16   51.29   12.20     -4.0 
2021  6  6 14 27 16   51.28   12.16      3.0 
2021  6  6 14 27 35   51.30   12.15      4.0 
2021  6  6 14 27 39   51.27   12.13     -1.0 
2021  6  6 14 27 39   51.31   12.18      4.0 
2021  6  6 14 27 39   51.29   12.20      1.0 
2021  6  6 14 27 57   51.29   12.20      2.0 
2021  6  6 14 28  2   49.62   11.73    -16.0 
2021  6  6 14 28  8   51.25   12.15    -10.0 
2021  6  6 14 28  8   51.29   12.16      3.0 
2021  6  6 14 28 30   51.27   12.17     -3.0 
2021  6  6 14 29  0   51.27   12.10     16.0 
2021  6  6 14 29  0   51.29   12.13      4.0 
2021  6  6 14 29  0   51.30   12.16    -16.0 
2021  6  6 14 29 11   51.28   12.18      3.0 
2021  6  6 14 29 26   51.28   12.20     25.0 
2021  6  6 14 29 27   51.29   12.11     -4.0 
2021  6  6 14 29 43   51.26   12.13     -9.0 
2021  6  6 14 29 55   49.61   11.73    -15.0 
2021  6  6 14 29 55   49.61   11.72    -13.0 
2021  6  6 14 29 56   49.61   11.74    -15.0 
2021  6  6 14 29 56   51.25   12.07      7.0 
2021  6  6 14 29 56   51.27   12.14     11.0 
2021  6  6 14 29 56   51.30   12.15    -11.0 
2021  6  6 14 30 38   51.26   12.09     -5.0 
2021  6  6 14 30 53   51.27   12.07     -5.0 
2021  6  6 14 31 13   51.27   12.15      9.0 
2021  6  6 14 31 35   51.29   12.17      2.0 
2021  6  6 14 31 35   51.30   12.16     -2.0 
2021  6  6 14 31 35   51.29   12.18      5.0 
2021  6  6 14 31 35   51.30   12.14    -15.0 
2021  6  6 14 31 35   51.30   12.17    -11.0 
2021  6  6 14 31 59   49.49   12.20     53.0 
2021  6  6 14 31 59   49.49   12.26    -10.0 
2021  6  6 14 31 59   49.50   12.21     -3.0 
2021  6  6 14 32 19   51.28   12.17     12.0 
2021  6  6 14 32 19   51.27   12.13     13.0 
2021  6  6 14 32 32   51.28   12.15     11.0 
2021  6  6 14 32 32   51.28   12.19    -11.0 
2021  6  6 14 32 39   51.32   12.17    -18.0 
2021  6  6 14 32 39   51.29   12.13     -9.0 
2021  6  6 14 32 51   51.30   12.18     -2.0 
2021  6  6 14 32 56   51.29   12.15     -7.0 
2021  6  6 14 32 58   51.30   12.16      2.0 
2021  6  6 14 32 58   51.31   12.13      3.0 
2021  6  6 14 33  7   51.29   12.07      3.0 
2021  6  6 14 33  8   51.30   12.16      6.0 
2021  6  6 14 33 15   51.30   12.18      9.0 
2021  6  6 14 33 15   51.28   12.18     -7.0 
2021  6  6 14 33 21   51.25   12.06      4.0 
2021  6  6 14 33 21   51.33   12.14    -16.0 
2021  6  6 14 33 28   51.28   12.11      2.0 
2021  6  6 14 33 37   51.30   12.16      5.0 
2021  6  6 14 33 52   51.63   12.18    -31.0 
2021  6  6 14 33 56   51.28   12.07     21.0 
2021  6  6 14 34  3   51.28   12.17      4.0 
2021  6  6 14 34 20   51.28   12.17    -18.0 
2021  6  6 14 34 26   51.25   12.11     -6.0 
2021  6  6 14 34 26   51.30   12.12      3.0 
2021  6  6 14 34 26   51.30   12.16    -13.0 
2021  6  6 14 34 37   51.28   12.14     -9.0 
2021  6  6 14 34 37   51.29   12.15      5.0 
2021  6  6 14 34 43   51.27   12.17      2.0 
2021  6  6 14 34 46   51.30   12.20      2.0 
2021  6  6 14 34 48   49.69   12.65    -61.0 
2021  6  6 14 34 48   49.69   12.63     46.0 
2021  6  6 14 34 48   49.71   12.65    -19.0 
2021  6  6 14 34 48   49.68   12.62     -3.0 
2021  6  6 14 34 53   51.27   12.18      2.0 
2021  6  6 14 35  8   51.28   12.17     21.0 
2021  6  6 14 35 27   51.25   12.19      2.0 
2021  6  6 14 35 27   51.27   12.09     13.0 
2021  6  6 14 35 45   51.32   12.11     -7.0 
2021  6  6 14 35 57   51.32   12.15      3.0 
2021  6  6 14 35 57   51.30   12.11     -6.0 
2021  6  6 14 35 57   51.28   12.12     -7.0 
2021  6  6 14 35 58   51.63   12.20     17.0 
2021  6  6 14 36 12   51.31   12.12    -18.0 
2021  6  6 14 36 12   51.29   12.15     22.0 
2021  6  6 14 36 17   51.25   12.11      9.0 
2021  6  6 14 36 24   46.22   12.91    -47.0 
2021  6  6 14 36 34   51.24   12.14     -4.0 
2021  6  6 14 36 35   51.63   12.20      5.0 
2021  6  6 14 36 58   51.26   12.12     23.0 
2021  6  6 14 36 58   51.29   12.17    -15.0 
2021  6  6 14 37  1   49.50   12.22    -51.0 
2021  6  6 14 37  1   49.49   12.18    -10.0 
2021  6  6 14 37  1   49.48   12.15    -11.0 
2021  6  6 14 37 16   51.27   12.17     -2.0 
2021  6  6 14 37 23   51.29   12.17      3.0 
2021  6  6 14 37 31   51.27   12.14     -5.0 
2021  6  6 14 37 31   51.28   12.18     -6.0 
2021  6  6 14 37 41   51.64   12.20     59.0 
2021  6  6 14 37 41   51.61   12.18     -7.0 
2021  6  6 14 37 54   51.25   12.08      5.0 
2021  6  6 14 37 55   51.30   12.18      6.0 
2021  6  6 14 38  4   51.27   12.16     -3.0 
2021  6  6 14 38 16   51.29   12.13      3.0 
2021  6  6 14 38 29   51.62   12.18     85.0 
2021  6  6 14 38 30   51.62   12.21      5.0 
2021  6  6 14 38 34   51.27   12.15     11.0 
2021  6  6 14 38 50   51.59   12.11     20.0 
2021  6  6 14 38 50   51.59   12.10    -56.0 
2021  6  6 14 38 55   51.28   12.17    -15.0 
2021  6  6 14 38 56   51.30   12.19     -5.0 
2021  6  6 14 39 15   51.62   12.17     13.0 
2021  6  6 14 39 15   51.59   12.08      2.0 
2021  6  6 14 39 15   51.63   12.18     23.0 
2021  6  6 14 39 15   51.64   12.20     -2.0 
2021  6  6 14 39 15   51.62   12.18     -6.0 
2021  6  6 14 39 15   51.60   12.13      2.0 
2021  6  6 14 39 17   51.27   12.19     -3.0 
2021  6  6 14 39 17   51.28   12.19     -8.0 
2021  6  6 14 39 40   51.27   12.11     -6.0 
2021  6  6 14 39 45   51.26   12.06     -3.0 
2021  6  6 14 39 45   51.62   12.25      2.0 
2021  6  6 14 39 45   51.64   12.13      3.0 
2021  6  6 14 39 49   51.33   12.11      3.0 
2021  6  6 14 40  7   51.27   12.15      7.0 
2021  6  6 14 40  8   51.26   12.18     -4.0 
2021  6  6 14 40  8   51.26   12.13     -6.0 
2021  6  6 14 40 20   51.57   12.09      9.0 
2021  6  6 14 40 20   51.63   12.19    -15.0 
2021  6  6 14 40 38   49.49   12.17    -22.0 
2021  6  6 14 40 38   49.48   12.16    -11.0 
2021  6  6 14 40 38   49.49   12.20    -11.0 
2021  6  6 14 40 41   51.24   12.14      3.0 
2021  6  6 14 40 46   51.29   12.16      3.0 
2021  6  6 14 41  1   51.27   12.11      3.0 
2021  6  6 14 41  1   51.28   12.11      3.0 
2021  6  6 14 41  1   51.28   12.10      4.0 
2021  6  6 14 41  1   51.28   12.08     -9.0 
2021  6  6 14 41  4   51.63   12.18    -11.0 
2021  6  6 14 41  4   51.64   12.18      2.0 
2021  6  6 14 41 39   51.27   12.15      3.0 
2021  6  6 14 41 42   51.30   12.15     -2.0 
2021  6  6 14 41 53   51.63   12.17     -2.0 
2021  6  6 14 41 53   51.61   12.16      8.0 
2021  6  6 14 42  4   51.25   12.17      9.0 
2021  6  6 14 42 25   51.25   12.20     -2.0 
2021  6  6 14 42 29   51.32   12.13      2.0 
2021  6  6 14 42 30   46.03   12.71     49.0 
2021  6  6 14 42 30   51.62   12.19     13.0 
2021  6  6 14 42 30   51.63   12.19     -8.0 
2021  6  6 14 42 40   51.32   12.18     -2.0 
2021  6  6 14 42 49   51.30   12.15     -2.0 
2021  6  6 14 42 52   46.03   12.70     -4.0 
2021  6  6 14 43  9   51.31   12.14    -10.0 
2021  6  6 14 43 21   51.28   12.09      6.0 
2021  6  6 14 43 34   51.27   12.16     -3.0 
2021  6  6 14 43 42   49.43   11.29    -22.0 
2021  6  6 14 43 42   49.45   11.30     -7.0 
2021  6  6 14 43 42   49.43   11.34    -17.0 
2021  6  6 14 43 42   49.42   11.33    -15.0 
2021  6  6 14 43 50   51.32   12.20     -4.0 
2021  6  6 14 43 50   51.31   12.17     -7.0 
2021  6  6 14 43 57   51.62   12.19    -37.0 
2021  6  6 14 43 57   51.59   12.14      2.0 
2021  6  6 14 44 13   51.26   12.09      3.0 
2021  6  6 14 45 28   51.30   12.21     -3.0 
2021  6  6 14 45 28   51.31   12.13      2.0 
2021  6  6 14 45 30   49.42   11.32    -35.0 
2021  6  6 14 45 30   49.41   11.27     -9.0 
2021  6  6 14 45 49   51.29   12.16     -3.0 
2021  6  6 14 46 13   46.05   12.69    -11.0 
2021  6  6 14 46 14   51.30   12.15     -3.0 
2021  6  6 14 46 32   46.03   12.71      2.0 
2021  6  6 14 46 44   49.47   11.31     12.0 
2021  6  6 14 46 44   49.44   11.33      8.0 
2021  6  6 14 46 44   49.45   11.33     12.0 
2021  6  6 14 46 44   49.42   11.25     -2.0 
2021  6  6 14 47 52   51.30   12.18      5.0 
2021  6  6 14 49  8   49.42   11.30    -61.0 
2021  6  6 14 49  8   49.45   11.36      5.0 
2021  6  6 14 49  9   51.59   12.17    -17.0 
2021  6  6 14 49  9   51.61   12.14     46.0 
2021  6  6 14 49 56   51.22   12.01     62.0 
2021  6  6 14 50 30   46.02   12.70     -1.0 
2021  6  6 14 50 30   46.02   12.70     -2.0 
2021  6  6 14 51 43   52.58   12.34    -57.0 
2021  6  6 14 51 56   51.61   12.12    113.0 
2021  6  6 14 52  7   51.26   12.09     21.0 
2021  6  6 14 52  7   51.24   12.02     16.0 
2021  6  6 14 52  7   51.24   12.04     -2.0 
2021  6  6 14 52  7   51.26   12.05    178.0 
2021  6  6 14 53 35   52.57   12.35     14.0 
2021  6  6 14 54  7   50.72   12.47    -62.0 
2021  6  6 14 55 25   49.50   13.08    -62.0 
2021  6  6 14 55 47   51.21   12.03      3.0 
2021  6  6 14 55 51   51.64   12.14     14.0 
2021  6  6 14 58 32   51.59   12.11     18.0 
2021  6  6 14 58 32   51.59   12.11      2.0 
2021  6  6 14 59 17   51.58   12.10     -2.0 
2021  6  6 15  1 22   51.58   12.13     29.0 
2021  6  6 15  3 35   49.49   11.90    -15.0 
2021  6  6 15  3 35   49.48   11.90    -39.0 
2021  6  6 15  4 51   53.12   11.84      9.0 
2021  6  6 15  8 59   46.01   12.60    -21.0 
2021  6  6 15  9 49   46.06   13.50     25.0 
2021  6  6 15 10  7   52.90   12.21     38.0 
2021  6  6 15 10 14   49.49   11.98    -41.0 
2021  6  6 15 10 14   49.48   11.96    -16.0 
2021  6  6 15 10 14   49.47   11.94    -14.0 
2021  6  6 15 10 14   49.47   11.93      6.0 
2021  6  6 15 10 14   49.49   11.94     -5.0 
2021  6  6 15 10 18   46.02   12.60    -11.0 
2021  6  6 15 10 35   46.06   13.49      2.0 
2021  6  6 15 10 36   52.89   12.20     17.0 
2021  6  6 15 10 52   46.08   13.51      7.0 
2021  6  6 15 12  6   46.05   13.48      9.0 
2021  6  6 15 12 57   49.49   11.96    -41.0 
2021  6  6 15 14 49   46.07   12.70    -68.0 
2021  6  6 15 19 35   46.04   12.72    -23.0 
2021  6  6 15 20 28   46.17   13.60     49.0 
2021  6  6 15 20 31   52.68   12.34     -9.0 
2021  6  6 15 20 42   52.69   12.32     11.0 
2021  6  6 15 20 50   52.70   12.35     -4.0 
2021  6  6 15 21 19   52.70   12.33     18.0 
2021  6  6 15 21 56   52.69   12.31      5.0 
2021  6  6 15 22  5   52.69   12.36     -2.0 
2021  6  6 15 22 39   52.70   12.36    -20.0 
2021  6  6 15 22 39   52.66   12.33     -5.0 
2021  6  6 15 23 39   52.69   12.32     12.0 
2021  6  6 15 23 58   52.66   12.31     -3.0 
2021  6  6 15 24 54   52.70   12.36    -15.0 
2021  6  6 15 25 18   52.69   12.36    -12.0 
2021  6  6 15 25 18   52.70   12.35      2.0 
2021  6  6 15 25 18   52.68   12.34      2.0 
2021  6  6 15 25 44   52.70   12.33    -20.0 
2021  6  6 15 25 44   52.68   12.34    -14.0 
2021  6  6 15 25 44   52.70   12.30     13.0 
2021  6  6 15 25 54   52.67   12.26     10.0 
2021  6  6 15 25 54   52.69   12.31    -13.0 
2021  6  6 15 25 54   52.68   12.34      3.0 
2021  6  6 15 26 19   52.69   12.34    -11.0 
2021  6  6 15 26 47   52.70   12.34      3.0 
2021  6  6 15 26 47   52.69   12.30      9.0 
2021  6  6 15 26 47   52.68   12.35      2.0 
2021  6  6 15 26 47   52.67   12.38      2.0 
2021  6  6 15 27 14   52.70   12.32     -9.0 
2021  6  6 15 27 14   52.70   12.34     -7.0 
2021  6  6 15 27 26   52.66   12.38    -11.0 
2021  6  6 15 27 26   52.68   12.35      2.0 
2021  6  6 15 27 26   52.73   12.29    -15.0 
2021  6  6 15 27 26   52.68   12.34    -11.0 
2021  6  6 15 27 32   52.70   12.31     10.0 
2021  6  6 15 27 32   52.69   12.33      2.0 
2021  6  6 15 27 39   52.66   12.35    -13.0 
2021  6  6 15 27 51   52.71   12.38     27.0 
2021  6  6 15 27 51   52.71   12.33      5.0 
2021  6  6 15 27 56   52.66   12.39     -3.0 
2021  6  6 15 28 21   52.66   12.37    -17.0 
2021  6  6 15 28 24   53.08   11.82     55.0 
2021  6  6 15 28 55   52.66   12.39      6.0 
2021  6  6 15 29 24   52.69   12.41      2.0 
2021  6  6 15 29 35   52.70   12.34      5.0 
2021  6  6 15 30  0   52.66   12.39     -2.0 
2021  6  6 15 30 10   52.72   12.33    -15.0 
2021  6  6 15 30 29   52.72   12.37      3.0 
2021  6  6 15 30 51   52.71   12.39      3.0 
2021  6  6 15 30 51   52.69   12.41      3.0 
2021  6  6 15 31  0   49.39   11.79    -30.0 
2021  6  6 15 31  0   49.39   11.80     -8.0 
2021  6  6 15 31  8   52.67   12.36     -5.0 
2021  6  6 15 31 23   52.69   12.33     15.0 
2021  6  6 15 31 34   52.67   12.31     -7.0 
2021  6  6 15 31 34   52.69   12.37      8.0 
2021  6  6 15 31 40   52.68   12.35     -9.0 
2021  6  6 15 32  6   52.66   12.41     -2.0 
2021  6  6 15 32 15   52.64   12.35     17.0 
2021  6  6 15 32 15   52.62   12.30      5.0 
2021  6  6 15 32 15   52.64   12.33     49.0 
2021  6  6 15 32 41   52.69   12.37     -2.0 
2021  6  6 15 33 27   52.70   12.35     -4.0 
2021  6  6 15 33 37   50.66   11.47     61.0 
2021  6  6 15 34  4   52.71   12.39     -5.0 
2021  6  6 15 34 19   52.71   12.38    -23.0 
2021  6  6 15 34 33   52.64   12.41      2.0 
2021  6  6 15 35 14   52.73   12.39    -16.0 
2021  6  6 15 35 29   52.68   12.40      3.0 
2021  6  6 15 35 40   52.69   12.33     11.0 
2021  6  6 15 35 41   52.70   12.40      9.0 
2021  6  6 15 35 57   52.71   12.42     11.0 
2021  6  6 15 36 10   52.71   12.34     -9.0 
2021  6  6 15 36 36   52.72   12.37     -4.0 
2021  6  6 15 36 38   49.23   11.53    120.0 
2021  6  6 15 36 38   49.26   11.55    -10.0 
2021  6  6 15 36 38   49.22   11.52     -2.0 
2021  6  6 15 36 46   52.72   12.43    -18.0 
2021  6  6 15 36 46   52.69   12.32      9.0 
2021  6  6 15 36 46   52.70   12.39     -3.0 
2021  6  6 15 36 52   52.64   12.36     -1.0 
2021  6  6 15 37 15   52.70   12.34     -4.0 
2021  6  6 15 37 15   52.72   12.37    -22.0 
2021  6  6 15 37 15   52.71   12.36     15.0 
2021  6  6 15 37 35   52.70   12.41     10.0 
2021  6  6 15 37 35   52.70   12.31      6.0 
2021  6  6 15 37 35   52.74   12.39     -4.0 
2021  6  6 15 37 53   52.71   12.32    -17.0 
2021  6  6 15 37 53   52.70   12.38      5.0 
2021  6  6 15 37 54   52.71   12.37      2.0 
2021  6  6 15 38  5   52.70   12.30     17.0 
2021  6  6 15 38  5   52.71   12.33     -4.0 
2021  6  6 15 38  6   50.52   11.32    -16.0 
2021  6  6 15 38 25   52.71   12.38    -25.0 
2021  6  6 15 38 25   52.72   12.38    -21.0 
2021  6  6 15 38 34   52.72   12.33     -5.0 
2021  6  6 15 38 46   52.72   12.35      4.0 
2021  6  6 15 39  1   49.22   11.55    -15.0 
2021  6  6 15 39  6   52.73   12.38     -6.0 
2021  6  6 15 39 40   52.73   12.38    -13.0 
2021  6  6 15 39 58   52.69   12.34      5.0 
2021  6  6 15 40  6   52.73   12.40     -2.0 
2021  6  6 15 40 11   52.69   12.36     -8.0 
2021  6  6 15 40 13   52.71   12.45      5.0 
2021  6  6 15 40 19   52.69   12.36      7.0 
2021  6  6 15 40 19   52.70   12.37     15.0 
2021  6  6 15 40 23   53.10   11.83     28.0 
2021  6  6 15 40 31   52.69   12.33      6.0 
2021  6  6 15 40 31   52.73   12.44     13.0 
2021  6  6 15 41  4   52.72   12.34      4.0 
2021  6  6 15 41  4   52.73   12.36    -58.0 
2021  6  6 15 41  4   52.73   12.32     -5.0 
2021  6  6 15 41 20   52.69   12.38     -3.0 
2021  6  6 15 41 34   52.66   12.45     -3.0 
2021  6  6 15 41 50   52.73   12.36    -25.0 
2021  6  6 15 41 50   52.71   12.40      9.0 
2021  6  6 15 41 50   52.75   12.40      2.0 
2021  6  6 15 41 50   52.69   12.33      2.0 
2021  6  6 15 42  2   52.73   12.33      4.0 
2021  6  6 15 42  8   52.72   12.36      3.0 
2021  6  6 15 42 14   52.72   12.41      2.0 
2021  6  6 15 42 31   52.68   12.37      5.0 
2021  6  6 15 42 45   52.72   12.39     11.0 
2021  6  6 15 42 45   52.71   12.39     -3.0 
2021  6  6 15 42 59   52.69   12.32      7.0 
2021  6  6 15 43  6   52.77   12.40     12.0 
2021  6  6 15 43 14   52.71   12.42     -2.0 
2021  6  6 15 43 38   52.70   12.34     -8.0 
2021  6  6 15 43 38   52.71   12.37      2.0 
2021  6  6 15 43 39   52.69   12.33      7.0 
2021  6  6 15 43 39   52.70   12.35     11.0 
2021  6  6 15 43 39   52.70   12.40     -3.0 
2021  6  6 15 44 24   52.68   12.37      7.0 
2021  6  6 15 44 47   52.71   12.40    -16.0 
2021  6  6 15 44 47   52.71   12.40    -21.0 
2021  6  6 15 44 57   52.73   12.37      3.0 
2021  6  6 15 44 58   52.72   12.32     -3.0 
2021  6  6 15 45 28   52.70   12.34     15.0 
2021  6  6 15 45 28   52.71   12.38     26.0 
2021  6  6 15 45 28   52.70   12.35    -12.0 
2021  6  6 15 45 28   52.72   12.38     18.0 
2021  6  6 15 45 28   52.70   12.38      3.0 
2021  6  6 15 45 40   52.77   12.40      2.0 
2021  6  6 15 45 41   52.68   12.35      7.0 
2021  6  6 15 46 24   52.72   12.37    -26.0 
2021  6  6 15 46 24   52.74   12.35    -23.0 
2021  6  6 15 46 41   52.74   12.43     -7.0 
2021  6  6 15 47 12   52.72   12.36     11.0 
2021  6  6 15 47 12   52.73   12.44      2.0 
2021  6  6 15 47 32   52.69   12.39     -8.0 
2021  6  6 15 47 50   52.69   12.35      6.0 
2021  6  6 15 47 51   52.72   12.43     -1.0 
2021  6  6 15 48 11   52.73   12.43    -18.0 
2021  6  6 15 48 49   52.70   12.43      2.0 
2021  6  6 15 49 38   52.71   12.38     -2.0 
2021  6  6 15 49 39   52.69   12.39     10.0 
2021  6  6 15 50 28   52.72   12.45      3.0 
2021  6  6 15 50 52   52.70   12.44     -9.0 
2021  6  6 15 50 52   52.70   12.39     -2.0 
2021  6  6 15 50 52   52.69   12.44     -3.0 
2021  6  6 15 51 33   52.71   12.45    -11.0 
2021  6  6 15 51 33   52.70   12.48      2.0 
2021  6  6 15 51 47   52.68   12.45    -14.0 
2021  6  6 15 52 34   52.72   12.39     15.0 
2021  6  6 15 52 34   52.72   12.39      3.0 
2021  6  6 15 52 35   52.70   12.40     -2.0 
2021  6  6 15 52 49   52.75   12.45      4.0 
2021  6  6 15 53  0   52.73   12.40     11.0 
2021  6  6 15 53 22   52.71   12.38      4.0 
2021  6  6 15 53 22   52.68   12.36     -7.0 
2021  6  6 15 53 22   52.73   12.42    -11.0 
2021  6  6 15 53 27   52.70   12.47     -2.0 
2021  6  6 15 53 46   52.69   12.43     -4.0 
2021  6  6 15 54 15   52.70   12.43     -2.0 
2021  6  6 15 54 38   52.70   12.45     -3.0 
2021  6  6 15 55 12   52.72   12.48    -13.0 
2021  6  6 15 56  1   52.72   12.44     -3.0 
2021  6  6 15 56 27   52.69   12.37     -3.0 
2021  6  6 15 56 54   52.70   12.43     -3.0 
2021  6  6 15 57 35   52.71   12.43    -16.0 
2021  6  6 15 57 35   52.72   12.42    -12.0 
2021  6  6 16  1  2   49.19   11.51    -48.0 
2021  6  6 16  1  2   49.17   11.51     -5.0 
2021  6  6 16  3 43   49.17   11.42     46.0 
2021  6  6 16  3 43   49.16   11.41     -9.0 
2021  6  6 16  5 14   50.52   11.27     -5.0 
2021  6  6 16 21 20   52.76   12.29     -5.0 
2021  6  6 16 21 23   52.73   12.28     -9.0 
2021  6  6 16 21 32   52.74   12.28     -2.0 
2021  6  6 16 21 51   52.76   12.31      2.0 
2021  6  6 16 21 56   52.74   12.31      2.0 
2021  6  6 16 22  1   52.75   12.31     14.0 
2021  6  6 16 22  1   52.74   12.30     -4.0 
2021  6  6 16 22  2   52.77   12.32     -4.0 
2021  6  6 16 22  7   52.75   12.30     -4.0 
2021  6  6 16 22 12   52.75   12.32     -2.0 
2021  6  6 16 22 23   52.76   12.31     -2.0 
2021  6  6 16 22 27   52.74   12.29      3.0 
2021  6  6 16 22 43   52.71   12.31     -2.0 
2021  6  6 16 22 43   52.70   12.29    -12.0 
2021  6  6 16 22 43   52.73   12.30    -11.0 
2021  6  6 16 22 49   52.75   12.27     -2.0 
2021  6  6 16 23  6   52.81   12.37     12.0 
2021  6  6 16 24 35   52.71   12.33     -2.0 
2021  6  6 16 24 48   52.75   12.31      4.0 
2021  6  6 16 25 25   52.76   12.33     -3.0 
2021  6  6 16 25 32   52.72   12.25     -2.0 
2021  6  6 16 25 40   52.75   12.34     -3.0 
2021  6  6 16 26 11   52.73   12.29     -7.0 
2021  6  6 16 26 42   52.73   12.32     -2.0 
2021  6  6 16 26 42   52.73   12.33     -3.0 
2021  6  6 16 26 53   52.72   12.27      3.0 
2021  6  6 16 27 31   52.72   12.27      4.0 
2021  6  6 16 27 39   52.76   12.35     -1.0 
2021  6  6 16 27 42   52.74   12.30     -4.0 
2021  6  6 16 27 44   52.71   12.33      2.0 
2021  6  6 16 28 11   52.72   12.28      3.0 
2021  6  6 16 29 47   52.72   12.30    -13.0 
2021  6  6 16 31 35   52.79   12.39      9.0 
2021  6  6 16 34 51   52.77   12.32     12.0 
2021  6  6 16 38 36   46.02   13.39     18.0 
2021  6  6 16 38 36   46.01   13.37    -35.0 
2021  6  6 16 38 36   46.02   13.38     -2.0 
2021  6  6 16 39  5   52.71   12.28     97.0 
2021  6  6 16 40 32   52.74   12.30     -3.0 
2021  6  6 16 41  8   46.02   13.37   -129.0 
2021  6  6 16 41  8   46.02   13.38      5.0 
2021  6  6 16 41  8   46.02   13.36     -8.0 
2021  6  6 16 45 55   46.02   13.38     -3.0 
2021  6  6 16 45 55   46.02   13.38     -2.0 
2021  6  6 16 46 57   46.02   13.36     -2.0 
2021  6  6 16 47 32   46.03   13.35     -4.0 
2021  6  6 16 48 47   46.01   13.32     51.0 
2021  6  6 16 49  9   46.01   13.34     -1.0 
2021  6  6 16 49 22   46.01   13.35     -3.0 
2021  6  6 16 49 39   46.00   13.36      1.0 
2021  6  6 16 49 53   46.00   13.34      3.0 
2021  6  6 16 50  9   46.01   13.30     -7.0 
2021  6  6 16 51 33   46.02   13.36      2.0 
2021  6  6 16 52 18   46.00   13.35     -2.0 
2021  6  6 16 52 25   46.00   13.34      2.0 
2021  6  6 16 54 13   46.02   13.35     -2.0 
2021  6  6 16 55  3   46.01   13.30    -38.0 
2021  6  6 16 55 39   46.00   13.33     -2.0 
2021  6  6 16 57  0   46.00   12.27     98.0 
2021  6  6 16 57  7   46.01   13.33     45.0 
2021  6  6 17  7  5   50.69   12.01    -12.0 
2021  6  6 17 22 16   46.00    9.40     -7.0 
2021  6  6 17 25 53   46.00    9.44     -2.0 
2021  6  6 17 31 48   46.01   12.07      9.0 
2021  6  6 17 33 41   46.00    9.46     -3.0 
2021  6  6 17 38 55   46.03    9.44      1.0 
2021  6  6 18 10 30   46.12   14.40     69.0 
2021  6  6 18 24 12   46.03    9.71      2.0 
