2021  6 12 10  4 38   48.35   15.40     64.0 
2021  6 12 10  4 38   48.35   15.38    -15.0 
2021  6 12 10  4 38   48.35   15.39     12.0 
2021  6 12 10  6 11   46.89   15.82    -53.0 
2021  6 12 10 20  5   48.49   14.78     97.0 
2021  6 12 10 20  5   48.49   14.81     14.0 
2021  6 12 10 35 38   48.51   14.80     30.0 
2021  6 12 10 49 30   50.44   15.28     29.0 
2021  6 12 11  9 18   48.39   15.35    -20.0 
2021  6 12 11 24 53   50.36   15.50    104.0 
2021  6 12 11 27  3   48.37   14.81     -3.0 
2021  6 12 11 27 16   48.38   14.83     -3.0 
2021  6 12 11 27 19   48.38   14.81      2.0 
2021  6 12 11 27 19   48.37   14.78     -4.0 
2021  6 12 11 27 52   48.41   14.82     -2.0 
2021  6 12 11 28 26   48.39   14.83     -4.0 
2021  6 12 11 29 24   48.36   14.85     -3.0 
2021  6 12 11 30  9   48.36   14.85     -2.0 
2021  6 12 11 31 17   48.35   14.87      3.0 
2021  6 12 11 31 18   48.35   14.87    -14.0 
2021  6 12 11 31 34   48.37   14.86      3.0 
2021  6 12 11 31 49   48.36   14.87     -2.0 
2021  6 12 11 38 34   48.35   14.89    -36.0 
2021  6 12 11 55  4   50.23   15.74    -91.0 
2021  6 12 11 56 45   48.35   13.94     58.0 
2021  6 12 11 57 19   48.37   13.97    -16.0 
2021  6 12 11 57 20   48.37   13.91      3.0 
2021  6 12 11 58 21   48.35   13.94     12.0 
2021  6 12 11 59 27   48.35   13.93     20.0 
2021  6 12 11 59 27   48.35   13.93    -32.0 
2021  6 12 12  1 11   48.36   13.95     16.0 
2021  6 12 12 18 41   50.09   15.88     28.0 
2021  6 12 12 18 41   50.11   15.89    -18.0 
2021  6 12 12 22 57   48.18   15.14     28.0 
2021  6 12 12 22 57   48.18   15.15     -5.0 
2021  6 12 12 24 42   53.70   14.12    -60.0 
2021  6 12 12 34 33   49.33   15.85     10.0 
2021  6 12 12 34 33   49.34   15.87     28.0 
2021  6 12 12 34 34   49.33   15.86    -22.0 
2021  6 12 12 38 51   46.91   15.93     72.0 
2021  6 12 12 44 35   46.91   15.97    -24.0 
2021  6 12 12 44 35   46.90   15.97     22.0 
2021  6 12 12 45 59   46.90   15.97    -16.0 
2021  6 12 13 17 47   48.87   16.00    -18.0 
2021  6 12 13 17 47   48.87   16.00    -31.0 
2021  6 12 13 17 47   48.87   15.99    -14.0 
2021  6 12 13 28 39   46.68   15.97     56.0 
2021  6 12 13 39 45   48.58   15.96     28.0 
2021  6 12 13 46  6   48.57   15.94     29.0 
2021  6 12 13 46  6   48.58   15.95    -12.0 
2021  6 12 13 46 47   48.56   15.95     14.0 
2021  6 12 14  2 43   48.68   15.16    -13.0 
2021  6 12 14  2 43   48.68   15.14    -26.0 
2021  6 12 15  8 44   48.39   15.78     35.0 
2021  6 12 17 25 36   53.41   15.21     47.0 
2021  6 12 18 37 49   52.21   14.93    -22.0 
2021  6 12 19  3 21   52.06   15.34     67.0 
2021  6 12 19  5 25   52.05   15.36     40.0 
2021  6 12 19  5 25   52.00   15.34     22.0 
2021  6 12 19  6 23   52.01   15.36    -22.0 
2021  6 12 19  6 23   52.05   15.41     -6.0 
2021  6 12 20 53 50   48.12   15.98     -5.0 
